Projid ScanNum Plnum Sflux StdSflux MeanTcal Az El Ra Dec
AGBT11B_051_01           6           0       27.814917     0.016367706
       1.4678938       249.71561       77.464752       24.422085       33.159630
AGBT11B_051_01           6           1       26.704147     0.027467417
       1.4543929       249.71561       77.464752       24.422085       33.159630
AGBT11B_051_01           8           0       27.777655     0.015964005
       1.4678937       250.89362       76.978074       24.422177       33.159553
AGBT11B_051_01           8           1       26.669499     0.027130908
       1.4543929       250.89362       76.978074       24.422177       33.159553
AGBT11B_051_02          45           0       27.352472     0.013918412
       1.4688382       267.54544       64.741058       24.421933       33.158468
AGBT11B_051_02          45           1       27.013110    0.0012847981
       1.4559880       267.54544       64.741058       24.421933       33.158468
AGBT11B_051_02          47           0       27.354352     0.012067796
       1.4688382       267.96665       64.260626       24.422074       33.158494
AGBT11B_051_02          47           1       27.066556    0.0010415733
       1.4559880       267.96665       64.260626       24.422074       33.158494
AGBT11B_051_03           6           0       27.669935     0.025987863
       1.4658962       245.04881       79.095703       24.421709       33.160362
AGBT11B_051_03           6           1       27.517319   0.00082053587
       1.4553316       245.04881       79.095703       24.421709       33.160362
AGBT11B_051_03           8           0       27.700439     0.027242258
       1.4658961       246.48067       78.642146       24.421677       33.160252
AGBT11B_051_03           8           1       27.518194    0.0036801248
       1.4553316       246.48067       78.642146       24.421677       33.160252
AGBT11B_051_03          10           0       27.605616     0.023666281
       1.4658961       251.10432       76.890613       24.421633       33.159994
AGBT11B_051_03          10           1       27.573846    0.0032829677
       1.4553314       251.10432       76.890613       24.421633       33.159994
AGBT11B_051_03          12           0       27.669841     0.024350369
       1.4658961       252.14113       76.428013       24.421430       33.160358
AGBT11B_051_03          12           1       27.589322    0.0047127042
       1.4553314       252.14113       76.428013       24.421430       33.160358
AGBT11B_051_04          77           0       27.382228     0.026279146
       1.4658943       285.44691       38.134610       24.423128       33.157146
AGBT11B_051_04          77           1       27.471996     0.033053760
       1.4553276       285.44691       38.134610       24.423128       33.157146
AGBT11B_051_04          79           0       27.343431     0.026019087
       1.4658943       285.72810       37.671585       24.423147       33.157136
AGBT11B_051_04          79           1       27.355154     0.032804916
       1.4553276       285.72810       37.671585       24.423147       33.157136
AGBT11B_051_05         101           0       27.622570     0.021129000
       1.4658927       274.61181       55.485632       24.422373       33.157721
AGBT11B_051_05         101           1       27.340471     0.010346113
       1.4553242       274.61181       55.485632       24.422373       33.157721
AGBT11B_051_05         103           0       27.599896     0.024082451
       1.4658927       274.93588       55.006390       24.422378       33.157708
AGBT11B_051_05         103           1       27.405980    0.0097345784
       1.4553241       274.93588       55.006390       24.422378       33.157708
AGBT11B_051_06           6           0       26.615438    0.0083845029
       1.4658852       55.129970       9.9817419       24.422813       33.160221
AGBT11B_051_06           6           1       25.888692     0.020782773
       1.4553083       55.129970       9.9817419       24.422813       33.160221
AGBT11B_051_06           8           0       26.410492    0.0063300299
       1.4658852       55.460475       10.373724       24.424498       33.162358
AGBT11B_051_06           8           1       25.888820     0.018143352
       1.4553083       55.460475       10.373724       24.424498       33.162358
AGBT11B_051_06           6           0       26.615912    0.0081256150
       1.4658852       55.129970       9.9817419       24.422813       33.160221
AGBT11B_051_06           6           1       25.891887     0.020088763
       1.4553083       55.129970       9.9817419       24.422813       33.160221
AGBT11B_051_06           8           0       26.417070    0.0054843175
       1.4658852       55.460475       10.373724       24.424498       33.162358
AGBT11B_051_06           8           1       25.884772     0.018076531
       1.4553083       55.460475       10.373724       24.424498       33.162358
AGBT11B_051_07         707           0       26.975172    0.0029890361
       1.4658809       55.252844       10.133008       24.424562       33.162390
AGBT11B_051_07         707           1       26.326947     0.019161715
       1.4552991       55.252844       10.133008       24.424562       33.162390
AGBT11B_051_07         709           0       26.978285    0.0043179075
       1.4658809       55.585457       10.525408       24.424455       33.162329
AGBT11B_051_07         709           1       26.434993     0.021176228
       1.4552991       55.585457       10.525408       24.424455       33.162329
AGBT11B_051_08         805           0       27.508991     0.015794799
       1.4658778       280.27767       46.646010       24.422770       33.157381
AGBT11B_051_08         805           1       27.300629     0.029978195
       1.4552923       280.27767       46.646010       24.422770       33.157381
AGBT11B_051_08         807           0       27.463394     0.014645984
       1.4658777       280.56800       46.173145       24.422781       33.157331
AGBT11B_051_08         807           1       27.336132     0.030767311
       1.4552923       280.56800       46.173145       24.422781       33.157331
AGBT11B_051_09         905           0       27.564893     0.019321928
       1.4658769       273.22749       57.489824       24.422416       33.157952
AGBT11B_051_09         905           1       27.282299     0.016602903
       1.4552908       273.22749       57.489824       24.422416       33.157952
AGBT11B_051_09         907           0       27.597590     0.021574146
       1.4658769       273.56484       57.009693       24.422320       33.157844
AGBT11B_051_09         907           1       27.352618     0.015854110
       1.4552908       273.56484       57.009693       24.422320       33.157844
AGBT11B_051_10           6           0       27.071389     0.010711146
       1.4658674       59.618938       15.570418       24.424334       33.162564
AGBT11B_051_10           6           1       26.699527    0.0060627150
       1.4552703       59.618938       15.570418       24.424334       33.162564
AGBT11B_051_10           8           0       27.317873     0.011919650
       1.4658674       59.934761       15.987275       24.424278       33.162544
AGBT11B_051_10           8           1       27.022285    0.0052447114
       1.4552703       59.934761       15.987275       24.424278       33.162544
AGBT11B_051_11        1105           0       27.332774     0.012224034
       1.4658428       284.96941       38.923383       24.423623       33.156083
AGBT11B_051_11        1105           1       27.197228     0.027716880
       1.4552171       284.96941       38.923383       24.423623       33.156083
AGBT11B_051_11        1107           0       27.375381     0.013335097
       1.4658428       285.25037       38.459194       24.423753       33.155744
AGBT11B_051_11        1107           1       27.141809     0.027460089
       1.4552171       285.25037       38.459194       24.423753       33.155744
AGBT11B_051_12        1205           0       27.371916    0.0094734306
       1.4658396       61.117987       17.574984       24.424560       33.163183
AGBT11B_051_12        1205           1       26.824236    0.0039000253
       1.4552102       61.117987       17.574984       24.424560       33.163183
AGBT11B_051_12        1207           0       27.386677     0.010507039
       1.4658396       61.425997       17.995523       24.424453       33.163046
AGBT11B_051_12        1207           1       26.867062    0.0056570283
       1.4552102       61.425997       17.995523       24.424453       33.163046
AGBT11B_051_13        1305           0       27.429117    0.0086081952
       1.4657825       64.002590       21.624891       24.424549       33.163221
AGBT11B_051_13        1305           1       26.981438    0.0043368397
       1.4550829       64.002590       21.624891       24.424549       33.163221
AGBT11B_051_13        1307           0       27.462990    0.0082922547
       1.4657825       64.304860       22.062887       24.424346       33.162938
AGBT11B_051_13        1307           1       27.139045    0.0066033859
       1.4550829       64.304860       22.062887       24.424346       33.162938
AGBT11B_051_13        1313           0       27.488227    0.0094002692
       1.4657825       65.400950       23.674894       24.424433       33.163224
AGBT11B_051_13        1313           1       27.080125    0.0057312935
       1.4550829       65.400950       23.674894       24.424433       33.163224
AGBT11B_051_13        1315           0       27.478958     0.012049209
       1.4657825       65.696606       24.115108       24.424470       33.163245
AGBT11B_051_13        1315           1       27.084136    0.0063268854
       1.4550829       65.696606       24.115108       24.424470       33.163245
AGBT11B_051_14        1405           0       27.217010     0.013013216
       1.4657786       294.17854       24.288974       24.424699       33.155533
AGBT11B_051_14        1405           1       27.298163    0.0061563471
       1.4550738       294.17854       24.288974       24.424699       33.155533
AGBT11B_051_14        1407           0       27.136528     0.014063776
       1.4657786       294.47274       23.851404       24.424331       33.156198
AGBT11B_051_14        1407           1       27.158620    0.0086340690
       1.4550738       294.47274       23.851404       24.424331       33.156198
AGBT11B_051_15        1505           0       27.191032    0.0073150206
       1.4657797       58.339374       13.910994       24.424660       33.162743
AGBT11B_051_15        1505           1       26.660795    0.0030270426
       1.4550765       58.339374       13.910994       24.424660       33.162743
AGBT11B_051_15        1507           0       27.269703    0.0080982290
       1.4657797       58.660175       14.322119       24.424775       33.162952
AGBT11B_051_15        1507           1       26.820144    0.0033437003
       1.4550765       58.660175       14.322119       24.424775       33.162952
AGBT11B_051_16        1605           0       27.695039     0.012232662
       1.4657544       71.505779       33.178218       24.423931       33.163441
AGBT11B_051_16        1605           1       27.094575     0.023869835
       1.4550185       71.505779       33.178218       24.423931       33.163441
AGBT11B_051_16        1607           0       27.658878     0.011332585
       1.4657544       71.787803       33.634501       24.423834       33.163418
AGBT11B_051_16        1607           1       27.024082     0.023095484
       1.4550185       71.787803       33.634501       24.423834       33.163418
AGBT11B_051_17        1705           0       27.550178    0.0061877339
       1.4657490       281.58729       44.512356       24.423024       33.156734
AGBT11B_051_17        1705           1       27.361801     0.030960913
       1.4550059       281.58729       44.512356       24.423024       33.156734
AGBT11B_051_17        1707           0       27.546602    0.0062732932
       1.4657490       281.87389       44.041577       24.422993       33.156840
AGBT11B_051_17        1707           1       27.363731     0.030405647
       1.4550059       281.87389       44.041577       24.422993       33.156840
AGBT11B_051_18        1805           0       27.492122     0.023452030
       1.4657412       255.51498       74.712541       24.421764       33.159443
AGBT11B_051_18        1805           1       27.518764    0.0042063376
       1.4549878       255.51498       74.712541       24.421764       33.159443
AGBT11B_051_18        1807           0       27.548125     0.023879427
       1.4657412       256.32376       74.242817       24.421683       33.159487
AGBT11B_051_18        1807           1       27.531990    0.0054359434
       1.4549876       256.32376       74.242817       24.421683       33.159487
AGBT11B_051_19        1905           0       27.684292     0.039326434
       1.4657366       241.49336       80.086220       24.421643       33.160360
AGBT11B_051_19        1905           1       27.810857    0.0042541439
       1.4549772       241.49336       80.086220       24.421643       33.160360
AGBT11B_051_19        1907           0       27.752582     0.038305804
       1.4657366       243.20063       79.639926       24.421771       33.160287
AGBT11B_051_19        1907           1       27.812460    0.0040699426
       1.4549772       243.20063       79.639926       24.421771       33.160287
AGBT11B_051_20        2005           0       27.530919    0.0097919768
       1.4657352       275.07669       54.809906       24.422613       33.157149
AGBT11B_051_20        2005           1       27.296133    0.0084275505
       1.4549738       275.07669       54.809906       24.422613       33.157149
AGBT11B_051_20        2007           0       27.481535     0.010524159
       1.4657352       275.39691       54.331060       24.422632       33.157243
AGBT11B_051_20        2007           1       27.302630    0.0089839829
       1.4549738       275.39691       54.331060       24.422632       33.157243
AGBT11B_051_21        2105           0       27.445869     0.011557148
       1.4657342       280.91340       45.615490       24.423064       33.156533
AGBT11B_051_21        2105           1       27.306713     0.028486584
       1.4549716       280.91340       45.615490       24.423064       33.156533
AGBT11B_051_21        2107           0       27.430601     0.011507305
       1.4657342       281.20191       45.143693       24.423040       33.156667
AGBT11B_051_21        2107           1       27.345368     0.027760431
       1.4549714       281.20191       45.143693       24.423040       33.156667
AGBT11B_051_22        2205           0       27.449805     0.012622173
       1.4657354       61.281006       17.800347       24.424732       33.163299
AGBT11B_051_22        2205           1       26.933277    0.0046556327
       1.4549742       61.281006       17.800347       24.424732       33.163299
AGBT11B_051_22        2207           0       27.307132     0.013393522
       1.4657354       61.588344       18.221608       24.424609       33.163222
AGBT11B_051_22        2207           1       26.781166    0.0073250341
       1.4549742       61.588344       18.221608       24.424609       33.163222
AGBT11B_051_23        2305           0       27.553488     0.014690015
       1.4657334       280.63386       46.072621       24.423182       33.156546
AGBT11B_051_23        2305           1       27.325634     0.030547469
       1.4549695       280.63386       46.072621       24.423182       33.156546
AGBT11B_051_23        2307           0       27.552340     0.013169103
       1.4657334       280.92314       45.600295       24.423164       33.156614
AGBT11B_051_23        2307           1       27.404369     0.030160411
       1.4549695       280.92314       45.600295       24.423164       33.156614
AGBT11B_051_24        2405           0       27.652388     0.015906725
       1.4657336       72.715399       35.145765       24.424381       33.164576
AGBT11B_051_24        2405           1       27.155009     0.024505167
       1.4549701       72.715399       35.145765       24.424381       33.164576
AGBT11B_051_24        2407           0       27.553303     0.013808298
       1.4657336       72.998095       35.605087       24.423766       33.163442
AGBT11B_051_24        2407           1       27.109231     0.025544562
       1.4549701       72.998095       35.605087       24.423766       33.163442
AGBT11B_051_25        2505           0       27.284354     0.032923657
       1.4657265       244.66535       79.222761       24.421474       33.160645
AGBT11B_051_25        2505           1       27.419969    0.0059047148
       1.4549533       244.66535       79.222761       24.421474       33.160645
AGBT11B_051_25        2507           0       27.258654     0.034338437
       1.4657265       246.12210       78.770340       24.421588       33.160029
AGBT11B_051_25        2507           1       27.311742    0.0068599466
       1.4549533       246.12210       78.770340       24.421588       33.160029
AGBT11B_051_27        2705           0       27.421420     0.016778759
       1.4657248       279.97427       47.142916       24.423453       33.156030
AGBT11B_051_27        2705           1       27.227559     0.017384944
       1.4549494       279.97427       47.142916       24.423453       33.156030
AGBT11B_051_27        2707           0       27.390946     0.018530298
       1.4657248       280.26535       46.669504       24.423563       33.155779
AGBT11B_051_27        2707           1       27.136798     0.017352673
       1.4549494       280.26535       46.669504       24.423563       33.155779
AGBT11B_051_28        2805           0       27.817551     0.014580676
       1.4657260       78.752461       45.084332       24.423308       33.163262
AGBT11B_051_28        2805           1       27.172510     0.024730341
       1.4549520       78.752461       45.084332       24.423308       33.163262
AGBT11B_051_28        2807           0       27.725724     0.014856311
       1.4657260       79.040352       45.556179       24.423360       33.163426
AGBT11B_051_28        2807           1       27.218293     0.026582929
       1.4549520       79.040352       45.556179       24.423360       33.163426
AGBT11B_051_29        2905           0       27.187525    0.0072706293
       1.4657236       59.858123       15.885948       24.425093       33.163479
AGBT11B_051_29        2905           1       26.621301    0.0020121307
       1.4549465       59.858123       15.885948       24.425093       33.163479
AGBT11B_051_29        2907           0       27.261782    0.0081983672
       1.4657236       60.175856       16.309655       24.425935       33.164505
AGBT11B_051_29        2907           1       26.712609    0.0025980136
       1.4549465       60.175856       16.309655       24.425935       33.164505
AGBT11B_051_30        3005           0       27.604672     0.030731290
       1.4657224       242.47665       79.834361       24.421806       33.160317
AGBT11B_051_30        3005           1       27.539461   0.00063988378
       1.4549438       242.47665       79.834361       24.421806       33.160317
AGBT11B_051_30        3007           0       27.501260     0.028728702
       1.4657224       244.10190       79.387158       24.421732       33.160405
AGBT11B_051_30        3007           1       27.417603    0.0031411317
       1.4549438       244.10190       79.387158       24.421732       33.160405
AGBT11B_051_31        3105           0       27.746560     0.018519306
       1.4657199       260.62708       71.308720       24.421766       33.158602
AGBT11B_051_31        3105           1       27.304034    0.0028257789
       1.4549378       260.62708       71.308720       24.421766       33.158602
AGBT11B_051_31        3107           0       27.712237     0.018861211
       1.4657199       261.22963       70.833732       24.421758       33.158477
AGBT11B_051_31        3107           1       27.301750    0.0027103488
       1.4549378       261.22963       70.833732       24.421758       33.158477
AGBT11B_051_32        3205           0       28.102944     0.018907660
       1.4657197       269.82759       62.038664       24.422400       33.157543
AGBT11B_051_32        3205           1       27.488778    0.0087045239
       1.4549373       269.82759       62.038664       24.422400       33.157543
AGBT11B_051_32        3207           0       28.100081     0.018463481
       1.4657197       270.20743       61.557836       24.422865       33.156847
AGBT11B_051_32        3207           1       27.427566    0.0090374717
       1.4549372       270.20743       61.557836       24.422865       33.156847
AGBT11B_051_33        3305           0       31.066964     0.035710581
       1.4657204       139.06772       83.267175       24.421422       33.159317
AGBT11B_051_33        3305           1       30.192533    0.0090789910
       1.4549389       139.06772       83.267175       24.421422       33.159317
AGBT11B_051_33        3307           0       30.956107     0.040081816
       1.4657204       143.17529       83.608309       24.421362       33.159335
AGBT11B_051_33        3307           1       30.154700     0.010011327
       1.4549389       143.17529       83.608309       24.421362       33.159335
AGBT11B_051_34           6           0       27.605603     0.034949415
       1.4657204       240.60706       80.301284       24.421893       33.160406
AGBT11B_051_34           6           1       27.356974   0.00097224065
       1.4549389       240.60706       80.301284       24.421893       33.160406
AGBT11B_051_34           8           0       27.596665     0.034547515
       1.4657204       242.39325       79.855507       24.421818       33.160394
AGBT11B_051_34           8           1       27.339047   0.00094796714
       1.4549389       242.39325       79.855507       24.421818       33.160394
AGBT11B_051_35        3505           0       27.836179     0.020460058
       1.4657214       79.894327       46.944808       24.423287       33.162645
AGBT11B_051_35        3505           1       27.052980     0.030172380
       1.4549412       79.894327       46.944808       24.423287       33.162645
AGBT11B_051_35        3507           0       27.880971     0.019245086
       1.4657214       80.186876       47.421800       24.423584       33.163612
AGBT11B_051_35        3507           1       27.052498     0.029914947
       1.4549412       80.186876       47.421800       24.423584       33.163612
AGBT11B_051_36           6           0       27.562438     0.036075198
       1.4657205       243.18554       79.643128       24.421742       33.160299
AGBT11B_051_36           6           1       27.290668   0.00081479797
       1.4549392       243.18554       79.643128       24.421742       33.160299
AGBT11B_051_36           8           0       27.554765     0.034242989
       1.4657205       244.76841       79.190298       24.421756       33.160246
AGBT11B_051_36           8           1       27.426364   0.00098550299
       1.4549391       244.76841       79.190298       24.421756       33.160246
AGBT11B_051_37        3705           0       27.709784     0.031142254
       1.4657218       271.94040       59.281123       24.422507       33.157474
AGBT11B_051_37        3705           1       27.192792     0.015462878
       1.4549423       271.94040       59.281123       24.422507       33.157474
AGBT11B_051_37        3707           0       27.655576     0.031664532
       1.4657218       272.29212       58.800482       24.422546       33.157236
AGBT11B_051_37        3707           1       27.220791     0.015250187
       1.4549423       272.29212       58.800482       24.422546       33.157236
AGBT11B_051_38        3805           0       26.989246     0.031773245
       1.4657226       234.72615       81.503778       24.421635       33.160421
AGBT11B_051_38        3805           1       26.978345     0.012721223
       1.4549441       234.72615       81.503778       24.421635       33.160421
AGBT11B_051_38        3807           0       27.078474     0.029983587
       1.4657226       237.01866       81.078635       24.421391       33.160887
AGBT11B_051_38        3807           1       26.982724     0.011665367
       1.4549440       237.01866       81.078635       24.421391       33.160887
AGBT11B_051_39        3905           0       27.125809     0.028815322
       1.4657251       62.191019       19.057125       24.426621       33.165653
AGBT11B_051_39        3905           1       26.600838    0.0013024051
       1.4549499       62.191019       19.057125       24.426621       33.165653
AGBT11B_051_39        3907           0       27.072006     0.031175802
       1.4657251       62.493734       19.482230       24.427296       33.166621
AGBT11B_051_39        3907           1       26.524980    0.0023342992
       1.4549499       62.493734       19.482230       24.427296       33.166621
AGBT11B_051_40        4005           0       27.374169     0.032360420
       1.4657236       279.05767       48.620053       24.423415       33.155952
AGBT11B_051_40        4005           1       26.951161     0.014781453
       1.4549465       279.05767       48.620053       24.423415       33.155952
AGBT11B_051_40        4007           0       27.358413     0.030468078
       1.4657236       279.35335       48.145488       24.423379       33.156303
AGBT11B_051_40        4007           1       26.971580     0.014991257
       1.4549465       279.35335       48.145488       24.423379       33.156303
AGBT11B_051_41        4105           0       27.469704     0.038666140
       1.4657251       249.70661       77.481751       24.421597       33.159900
AGBT11B_051_41        4105           1       27.453181     0.015604867
       1.4549497       249.70661       77.481751       24.421597       33.159900
AGBT11B_051_41        4107           0       27.601933     0.036570274
       1.4657251       250.82785       77.019935       24.421838       33.159836
AGBT11B_051_41        4107           1       27.439373     0.015889418
       1.4549497       250.82785       77.019935       24.421838       33.159836
AGBT11B_051_42        4206           0       28.452644     0.033588690
       1.4657260       243.70789       79.497471       24.421764       33.160260
AGBT11B_051_42        4206           1       28.386264    0.0077106031
       1.4549522       243.70789       79.497471       24.421764       33.160260
AGBT11B_051_42        4208           0       28.491870     0.037220897
       1.4657260       245.24170       79.045640       24.421930       33.159892
AGBT11B_051_42        4208           1       28.355546    0.0027284982
       1.4549522       245.24170       79.045640       24.421930       33.159892
AGBT11B_051_43           6           0       27.684007     0.024630148
       1.4657280       66.637060       25.524846       24.422045       33.160229
AGBT11B_051_43           6           1       26.865848    0.0098204295
       1.4549570       66.637060       25.524846       24.422045       33.160229
AGBT11B_051_43           8           0       27.634712     0.025892570
       1.4657280       66.927351       25.966224       24.422072       33.160375
AGBT11B_051_43           8           1       26.908072    0.0096144548
       1.4549570       66.927351       25.966224       24.422072       33.160375
AGBT11B_051_44        4405           0       27.559422     0.033830125
       1.4657272       247.00623       78.477162       24.421074       33.160913
AGBT11B_051_44        4405           1       27.510607     0.015013560
       1.4549549       247.00623       78.477162       24.421074       33.160913
AGBT11B_051_44        4407           0       27.590336     0.034816505
       1.4657272       248.31032       78.017259       24.421106       33.161080
AGBT11B_051_44        4407           1       27.486865     0.014931071
       1.4549549       248.31032       78.017259       24.421106       33.161080
AGBT11B_051_45        4505           0       27.710066     0.028419576
       1.4657286       72.132264       34.184121       24.421962       33.160222
AGBT11B_051_45        4505           1       27.048326     0.027289926
       1.4549583       72.132264       34.184121       24.421962       33.160222
AGBT11B_051_45        4507           0       27.747334     0.025402325
       1.4657286       72.413639       34.642060       24.421918       33.160367
AGBT11B_051_45        4507           1       27.064563     0.025256385
       1.4549583       72.413639       34.642060       24.421918       33.160367
AGBT11B_051_46        4605           0       27.529158     0.037349899
       1.4657278       241.29786       80.133587       24.421427       33.160759
AGBT11B_051_46        4605           1       27.412010     0.015918169
       1.4549563       241.29786       80.133587       24.421427       33.160759
AGBT11B_051_46        4607           0       27.564158     0.035340069
       1.4657278       243.02096       79.687872       24.421213       33.160769
AGBT11B_051_46        4607           1       27.418245     0.012579849
       1.4549563       243.02096       79.687872       24.421213       33.160769
AGBT11B_051_46        4613           0       27.459619     0.038790336
       1.4657272       285.38727       38.245585       24.421807       33.159260
AGBT11B_051_46        4613           1       27.115062     0.027977531
       1.4549550       285.38727       38.245585       24.421807       33.159260
AGBT11B_051_46        4615           0       27.468417     0.037134302
       1.4657272       285.66850       37.782469       24.421866       33.159331
AGBT11B_051_46        4615           1       27.114018     0.026299525
       1.4549550       285.66850       37.782469       24.421866       33.15933
AGBT11B_051_47        4711           0       27.546524     0.032232084
       1.4657292       72.509323       34.797442       24.421910       33.160300
AGBT11B_051_47        4711           1       26.973767     0.029448304
       1.4549598       72.509323       34.797442       24.421910       33.160300
AGBT11B_051_47        4713           0       27.489989     0.031730848
       1.4657292       72.790079       35.256408       24.422004       33.160758
AGBT11B_051_47        4713           1       26.925286     0.028457483
       1.4549598       72.790079       35.256408       24.422004       33.160758
AGBT11B_051_48           6           0       27.266264     0.025752721
       1.4657289       258.58485       72.798938       24.420592       33.160862
AGBT11B_051_48           6           1       26.963487    0.0029713632
       1.4549589       258.58485       72.798938       24.420592       33.160862
AGBT11B_051_48           8           0       27.319970     0.028078243
       1.4657289       259.25816       72.327057       24.421100       33.160161
AGBT11B_051_48           8           1       27.056664    0.0038473194
       1.4549589       259.25816       72.327057       24.421100       33.160161
AGBT11B_051_49        4905           0       27.586523     0.024654420
       1.4657305       73.865120       37.016069       24.422020       33.160226
AGBT11B_051_49        4905           1       26.827989     0.030353054
       1.4549627       73.865120       37.016069       24.422020       33.160226
AGBT11B_051_49        4907           0       27.662866     0.025370846
       1.4657305       74.148074       37.481350       24.422000       33.160246
AGBT11B_051_49        4907           1       26.778928     0.030331747
       1.4549627       74.148074       37.481350       24.422000       33.160246
AGBT11B_051_50        5005           0       27.346517    0.0080229206
       1.4657292       279.54858       47.838770       24.421927       33.159533
AGBT11B_051_50        5005           1       26.736035     0.020847477
       1.4549598       279.54858       47.838770       24.421927       33.159533
AGBT11B_051_50        5007           0       27.351918    0.0067085423
       1.4657292       279.84352       47.361545       24.421954       33.159443
AGBT11B_051_50        5007           1       26.786469     0.020882312
       1.4549598       279.84352       47.361545       24.421954       33.159443
AGBT11B_051_51        5111           0       27.419979     0.010860980
       1.4657313       62.725408       19.797195       24.422096       33.159975
AGBT11B_051_51        5111           1       26.770011    0.0045901823
       1.4549645       62.725408       19.797195       24.422096       33.159975
AGBT11B_051_51        5113           0       27.473057     0.011971752
       1.4657313       63.027335       20.224452       24.422096       33.160159
AGBT11B_051_51        5113           1       26.703203    0.0037563548
       1.4549645       63.027335       20.224452       24.422096       33.160159
AGBT11B_051_52        5205           0       27.471433     0.021220806
       1.4657301       269.35175       62.631416       24.421466       33.159821
AGBT11B_051_52        5205           1       27.075793    0.0062210098
       1.4549618       269.35175       62.631416       24.421466       33.159821
AGBT11B_051_52        5207           0       27.431863     0.021414264
       1.4657301       269.74122       62.150525       24.421412       33.160013
AGBT11B_051_52        5207           1       27.043108    0.0063867059
       1.4549618       269.74122       62.150525       24.421412       33.160013
AGBT11B_051_53        5305           0       27.335085     0.021605080
       1.4657315       276.21207       53.096618       24.421598       33.159301
AGBT11B_051_53        5305           1       26.873434    0.0038802065
       1.4549649       276.21207       53.096618       24.421598       33.159301
AGBT11B_051_53        5307           0       27.397752     0.023873504
       1.4657315       276.52336       52.618798       24.421737       33.159302
AGBT11B_051_53        5307           1       26.960057    0.0058529043
       1.4549649       276.52336       52.618798       24.421737       33.159302
AGBT11B_051_54        5407           0       27.791496     0.018881614
       1.4657350       72.712489       35.128565       24.422204       33.160900
AGBT11B_051_54        5407           1       26.959827     0.029014276
       1.4549732       72.712489       35.128565       24.422204       33.160900
AGBT11B_051_54        5409           0       27.744388     0.019056424
       1.4657350       72.994899       35.587976       24.421645       33.160042
AGBT11B_051_54        5409           1       26.953134     0.031144349
       1.4549732       72.994899       35.587976       24.421645       33.160042
AGBT11B_051_55        5505           0       27.147865     0.048102792
       1.4657348       258.50074       72.855831       24.420584       33.160850
AGBT11B_051_55        5505           1       26.818752     0.012970595
       1.4549730       258.50074       72.855831       24.420584       33.160850
AGBT11B_051_55        5507           0       28.490469     0.058476324
       1.4657348       259.17851       72.384120       24.420919       33.160510
AGBT11B_051_55        5507           1       27.863359     0.027378221
       1.4549730       259.17851       72.384120       24.420919       33.160510
AGBT11B_051_56        5605           0       27.647429     0.024881758
       1.4657354       274.49379       55.674303       24.421710       33.159680
AGBT11B_051_56        5605           1       27.248005    0.0047428587
       1.4549744       274.49379       55.674303       24.421710       33.159680
AGBT11B_051_56        5607           0       27.649284     0.026611039
       1.4657354       274.81928       55.194863       24.421447       33.159827
AGBT11B_051_56        5607           1       27.241953    0.0042140874
       1.4549743       274.81928       55.194863       24.421447       33.159827
AGBT11B_051_57        5705           0       27.563230     0.029871834
       1.4657391       263.73196       68.674183       24.421556       33.160016
AGBT11B_051_57        5705           1       27.396903     0.032643719
       1.4549831       263.73196       68.674183       24.421556       33.160016
AGBT11B_051_57        5707           0       27.583020     0.031239602
       1.4657391       264.23971       68.195792       24.421696       33.159462
AGBT11B_051_57        5707           1       27.421957     0.032941368
       1.4549830       264.23971       68.195792       24.421696       33.159462
AGBT11B_051_58        5805           0       27.639100     0.042783390
       1.4657413       247.37693       78.348443       24.421092       33.160896
AGBT11B_051_58        5805           1       27.526902     0.013072228
       1.4549878       247.37693       78.348443       24.421092       33.160896
AGBT11B_051_58        5807           0       27.643854     0.046722736
       1.4657412       248.64788       77.890311       24.421146       33.160806
AGBT11B_051_58        5807           1       27.579136     0.011738438
       1.4549878       248.64788       77.890311       24.421146       33.160806
AGBT11B_051_59        5905           0       27.545455     0.031413316
       1.4657420       262.95064       69.383369       24.420963       33.160528
AGBT11B_051_59        5905           1       27.192953    0.0013285890
       1.4549897       262.95064       69.383369       24.420963       33.160528
AGBT11B_051_59        5907           0       27.408792     0.028984842
       1.4657420       263.48118       68.905818       24.421039       33.160418
AGBT11B_051_59        5907           1       27.162325    0.0038690430
       1.4549897       263.48118       68.905818       24.421039       33.160418
AGBT11B_051_60        6005           0       27.175443     0.019031815
       1.4657450       62.140767       18.975151       24.421984       33.160086
AGBT11B_051_60        6005           1       26.562201    0.0067393153
       1.4549966       62.140767       18.975151       24.421984       33.160086
AGBT11B_051_60        6007           0       27.154372     0.017518826
       1.4657450       62.444655       19.399979       24.422155       33.160267
AGBT11B_051_60        6007           1       26.604020    0.0022960394
       1.4549966       62.444655       19.399979       24.422155       33.160267
AGBT11B_051_61        6105           0       27.817327     0.013411819
       1.4657441       256.88306       73.902983       24.420539       33.161136
AGBT11B_051_61        6105           1       27.180038    0.0066793853
       1.4549944       256.88306       73.902983       24.420539       33.161136
AGBT11B_051_61        6107           0       27.833616     0.016737237
       1.4657440       257.62647       73.433784       24.420523       33.160979
AGBT11B_051_61        6107           1       27.196352     0.010819266
       1.4549944       257.62647       73.433784       24.420523       33.160979
AGBT11B_051_62        6205           0       27.355399     0.026394184
       1.4657460       63.162256       20.413768       24.422170       33.160352
AGBT11B_051_62        6205           1       26.806317    0.0022172449
       1.4549990       63.162256       20.413768       24.422170       33.160352
AGBT11B_051_62        6207           0       27.391057     0.028153752
       1.4657460       63.462856       20.842614       24.422171       33.160374
AGBT11B_051_62        6207           1       26.913010    0.0019033962
       1.4549990       63.462856       20.842614       24.422171       33.160374
AGBT11B_051_63        6305           0       27.502930     0.021469209
       1.4657447       280.45052       46.372893       24.421511       33.159658
AGBT11B_051_63        6305           1       27.100103     0.036056878
       1.4549961       280.45052       46.372893       24.421511       33.159658
AGBT11B_051_63        6307           0       27.438489     0.020582205
       1.4657447       280.74238       45.897049       24.421495       33.159735
AGBT11B_051_63        6307           1       27.138128     0.037924908
       1.4549961       280.74238       45.897049       24.421495       33.159735
AGBT11B_051_64        6405           0       27.427016     0.025032690
       1.4657470       65.022077       23.107747       24.421907       33.160140
AGBT11B_051_64        6405           1       26.873326    0.0039488968
       1.4550014       65.022077       23.107747       24.421907       33.160140
AGBT11B_051_64        6407           0       27.371762     0.023836273
       1.4657470       65.316656       23.543573       24.422044       33.160323
AGBT11B_051_64        6407           1       26.846481    0.0035300235
       1.4550014       65.316656       23.543573       24.422044       33.160323
AGBT11B_051_65        6505           0       27.820089     0.033923556
       1.4657462       244.57461       79.246672       24.421069       33.160855
AGBT11B_051_65        6505           1       27.428791    0.0076335521
       1.4549994       244.57461       79.246672       24.421069       33.160855
AGBT11B_051_65        6507           0       27.803705     0.028444027
       1.4657462       246.04964       78.791885       24.421117       33.160902
AGBT11B_051_65        6507           1       27.468559    0.0083957081
       1.4549994       246.04964       78.791885       24.421117       33.160902
AGBT11B_051_66        6613           0       27.802074     0.029586938
       1.4657471       265.96624       66.473798       24.421595       33.160204
AGBT11B_051_66        6613           1       27.527740    0.0060548202
       1.4550015       265.96624       66.473798       24.421595       33.160204
AGBT11B_051_66        6615           0       27.831507     0.029563354
       1.4657471       266.42119       65.993564       24.421071       33.160328
AGBT11B_051_66        6615           1       27.515288    0.0069829128
       1.4550015       266.42119       65.993564       24.421071       33.160328
AGBT11B_051_67        6705           0       27.506859    0.0075207544
       1.4657583       58.667673       14.326729       24.421482       33.159498
AGBT11B_051_67        6705           1       26.714930    0.0020676883
       1.4550273       58.667673       14.326729       24.421482       33.159498
AGBT11B_051_67        6707           0       27.333292    0.0069248145
       1.4657583       58.984941       14.736520       24.421657       33.159712
AGBT11B_051_67        6707           1       26.540750    0.0042216838
       1.4550273       58.984941       14.736520       24.421657       33.159712
AGBT11B_051_68        6810           0       27.649453     0.038915602
       1.4657576       242.55032       79.811468       24.421341       33.160712
AGBT11B_051_68        6810           1       27.515334     0.015613171
       1.4550258       242.55032       79.811468       24.421341       33.160712
AGBT11B_051_68        6812           0       27.780489     0.036402200
       1.4657575       244.18080       79.361013       24.421138       33.160911
AGBT11B_051_68        6812           1       27.598162     0.013629096
       1.4550257       244.18080       79.361013       24.421138       33.160911
AGBT11B_051_69        6930           0       27.090858     0.021229777
       1.4657606       87.250827       58.170403       24.421258       33.159504
AGBT11B_051_69        6930           1       26.355924     0.018202858
       1.4550327       87.250827       58.170403       24.421258       33.159504
AGBT11B_051_69        6932           0       26.997271     0.020936422
       1.4657606       87.599588       58.653867       24.421547       33.159548
AGBT11B_051_69        6932           1       26.364498     0.019869679
       1.4550327       87.599588       58.653867       24.421547       33.159548
AGBT11B_051_70        7005           0       27.176561     0.016740518
       1.4657620       58.677726       14.339229       24.421660       33.159744
AGBT11B_051_70        7005           1       26.665467    0.0081276139
       1.4550359       58.677726       14.339229       24.421660       33.159744
AGBT11B_051_70        7007           0       27.214608     0.016185766
       1.4657620       58.997357       14.751644       24.421838       33.159653
AGBT11B_051_70        7007           1       26.704093    0.0090915611
       1.4550359       58.997357       14.751644       24.421838       33.159653
AGBT11B_051_71          76           0       27.154007     0.011848856
       1.4657609       272.16859       58.973301       24.421331       33.160183
AGBT11B_051_71          76           1       26.660193     0.014106393
       1.4550337       272.16859       58.973301       24.421331       33.160183
AGBT11B_051_71          78           0       27.251851     0.014669398
       1.4657609       272.51781       58.492755       24.421311       33.160076
AGBT11B_051_71          78           1       26.736224     0.011252130
       1.4550337       272.51781       58.492755       24.421311       33.160076
AGBT11B_051_72        7205           0       27.064295     0.037258548
       1.4657648       273.50680       57.101664       24.421471       33.159975
AGBT11B_051_72        7205           1       27.004829     0.011146116
       1.4550424       273.50680       57.101664       24.421471       33.159975
AGBT11B_051_72        7207           0       27.487107     0.037944215
       1.4657648       273.84355       56.618685       24.421723       33.160008
AGBT11B_051_72        7207           1       27.466989     0.011755235
       1.4550424       273.84355       56.618685       24.421723       33.160008
AGBT11B_051_73        7308           0       27.552281     0.044066316
       1.4657751       63.820706       21.356873       24.421730       33.159742
AGBT11B_051_73        7308           1       26.936289    0.0059186559
       1.4550662       63.820706       21.356873       24.421730       33.159742
AGBT11B_051_73        7310           0       27.573509     0.046364063
       1.4657751       64.119557       21.788288       24.421377       33.159529
AGBT11B_051_73        7310           1       26.965356    0.0087823422
       1.4550662       64.119557       21.788288       24.421377       33.159529
AGBT11B_051_74        7405           0       27.602396     0.015985761
       1.4657739       281.35082       44.899945       24.421472       33.159686
AGBT11B_051_74        7405           1       27.247830     0.032920250
       1.4550635       281.35082       44.899945       24.421472       33.159686
AGBT11B_051_74        7407           0       27.495059     0.016367390
       1.4657739       281.63775       44.428867       24.421589       33.159616
AGBT11B_051_74        7407           1       27.237464     0.032219389
       1.4550635       281.63775       44.428867       24.421589       33.159616
AGBT11B_051_75        7505           0       27.656371     0.026494097
       1.4657795       282.12324       43.628356       24.421766       33.159636
AGBT11B_051_75        7505           1       27.449635     0.028254809
       1.4550761       282.12324       43.628356       24.421766       33.159636
AGBT11B_051_75        7507           0       27.504372     0.028227509
       1.4657795       282.41034       43.155225       24.421693       33.159583
AGBT11B_051_75        7507           1       27.300456     0.030307699
       1.4550761       282.41034       43.155225       24.421693       33.159583
AGBT11B_051_76        7605           0       27.684405     0.018787240
       1.4657810       281.16328       45.205146       24.421880       33.159583
AGBT11B_051_76        7605           1       27.162268     0.033826800
       1.4550793       281.16328       45.205146       24.421880       33.159583
AGBT11B_051_76        7607           0       27.597401     0.016712813
       1.4657810       281.45338       44.730479       24.421751       33.159962
AGBT11B_051_76        7607           1       27.162766     0.035574061
       1.4550793       281.45338       44.730479       24.421751       33.159962
AGBT11B_051_77        7705           0       27.615858     0.028627439
       1.4657906       76.220554       40.897674       24.421835       33.159987
AGBT11B_051_77        7705           1       27.146085     0.016751643
       1.4551014       76.220554       40.897674       24.421835       33.159987
AGBT11B_051_77        7707           0       27.549324     0.029170649
       1.4657906       76.505351       41.368103       24.421772       33.159933
AGBT11B_051_77        7707           1       27.034115     0.018554501
       1.4551014       76.505351       41.368103       24.421772       33.159933
AGBT11B_051_78        7805           0       27.337523     0.017935942
       1.4657921       62.395951       19.331381       24.421822       33.159732
AGBT11B_051_78        7805           1       26.796810    0.0033939584
       1.4551046       62.395951       19.331381       24.421822       33.159732
AGBT11B_051_78        7807           0       27.442350     0.016808681
       1.4657921       62.701422       19.760141       24.421695       33.159618
AGBT11B_051_78        7807           1       26.857141    0.0029705248
       1.4551046       62.701422       19.760141       24.421695       33.159618
AGBT11B_051_79        7910           0       28.046408     0.021745781
       1.4657950       80.693262       48.223976       24.421154       33.159690
AGBT11B_051_79        7910           1       27.164849     0.025781978
       1.4551111       80.693262       48.223976       24.421154       33.159690
AGBT11B_051_79        7912           0       27.892723     0.022766657
       1.4657950       80.988247       48.698593       24.421376       33.159898
AGBT11B_051_79        7912           1       26.980243     0.030519994
       1.4551111       80.988247       48.698593       24.421376       33.159898
AGBT11B_051_80        8005           0       27.876372     0.035900390
       1.4657943       246.16955       78.750650       24.421016       33.160968
AGBT11B_051_80        8005           1       27.601841    0.0038017660
       1.4551096       246.16955       78.750650       24.421016       33.160968
AGBT11B_051_80        8007           0       27.573595     0.030350066
       1.4657943       247.51836       78.296382       24.421041       33.160919
AGBT11B_051_80        8007           1       27.282028     0.017275888
       1.4551096       247.51836       78.296382       24.421041       33.160919
AGBT11B_051_81        8105           0       27.596976    0.0055113038
       1.4657966       65.014546       23.095905       24.421574       33.159866
AGBT11B_051_81        8105           1       27.043593    0.0020485905
       1.4551146       65.014546       23.095905       24.421574       33.159866
AGBT11B_051_81        8107           0       27.501679    0.0075314528
       1.4657966       65.309170       23.531729       24.421673       33.160059
AGBT11B_051_81        8107           1       26.921455    0.0026184014
       1.4551146       65.309170       23.531729       24.421673       33.160059
AGBT11B_051_83        8305           0       27.139382     0.012721876
       1.4657980       59.542457       15.459212       24.421606       33.159785
AGBT11B_051_83        8305           1       26.548268    0.0029428584
       1.4551178       59.542457       15.459212       24.421606       33.159785
AGBT11B_051_83        8307           0       27.063766     0.014052050
       1.4657980       59.856855       15.872917       24.421372       33.159424
AGBT11B_051_83        8307           1       26.478307    0.0041344903
       1.4551178       59.856855       15.872917       24.421372       33.159424
AGBT11B_051_84        8405           0       28.002325     0.023848454
       1.4657972       253.53860       75.762664       24.420675       33.160932
AGBT11B_051_84        8405           1       27.569875     0.019211826
       1.4551162       253.53860       75.762664       24.420675       33.160932
AGBT11B_051_84        8407           0       27.835080     0.029945662
       1.4657972       254.44054       75.297205       24.420655       33.160933
AGBT11B_051_84        8407           1       27.636780     0.024570127
       1.4551162       254.44054       75.297205       24.420655       33.160933
AGBT11B_051_85        8505           0       27.342037     0.020653233
       1.4657996       68.914894       29.036583       24.421421       33.159725
AGBT11B_051_85        8505           1       26.818982     0.013264126
       1.4551213       68.914894       29.036583       24.421421       33.159725
AGBT11B_051_85        8507           0       27.551735     0.018146751
       1.4657996       69.201526       29.488313       24.421995       33.160313
AGBT11B_051_85        8507           1       27.023472     0.012254285
       1.4551213       69.201526       29.488313       24.421995       33.160313
AGBT11B_051_86        8605           0       27.737470     0.042375662
       1.4657987       249.74863       77.462292       24.420823       33.161004
AGBT11B_051_86        8605           1       27.450023     0.010634958
       1.4551195       249.74863       77.462292       24.420823       33.161004
AGBT11B_051_86        8607           0       27.511930     0.053090289
       1.4657987       250.86755       77.000118       24.420752       33.160881
AGBT11B_051_86        8607           1       27.440986     0.013841205
       1.4551195       250.86755       77.000118       24.420752       33.160881
AGBT11B_051_87        8705           0       27.608126     0.027701310
       1.4658010       62.347354       19.262891       24.421615       33.159803
AGBT11B_051_87        8705           1       26.998277   0.00085469990
       1.4551246       62.347354       19.262891       24.421615       33.159803
AGBT11B_051_87        8707           0       27.530100     0.021971455
       1.4658010       62.650854       19.688513       24.421567       33.159743
AGBT11B_051_87        8707           1       26.931769    0.0093948476
       1.4551246       62.650854       19.688513       24.421567       33.159743
AGBT11B_051_88        8805           0       27.756283     0.033950890
       1.4658003       237.21762       81.034358       24.421385       33.160627
AGBT11B_051_88        8805           1       27.529995     0.019797265
       1.4551231       237.21762       81.034358       24.421385       33.160627
AGBT11B_051_88        8807           0       27.790980     0.034910735
       1.4658003       239.28398       80.600286       24.421425       33.160591
AGBT11B_051_88        8807           1       27.574255     0.017424963
       1.4551229       239.28398       80.600286       24.421425       33.160591
AGBT11B_051_89        8905           0       27.037230     0.011380801
       1.4658024       59.181279       14.984066       24.421760       33.159913
AGBT11B_051_89        8905           1       26.427167    0.0027406316
       1.4551278       59.181279       14.984066       24.421760       33.159913
AGBT11B_051_89        8907           0       27.181471     0.011586922
       1.4658024       59.496403       15.396353       24.421940       33.160169
AGBT11B_051_89        8907           1       26.659568    0.0030247345
       1.4551278       59.496403       15.396353       24.421940       33.160169
AGBT11B_051_90        9005           0       27.263284     0.054063453
       1.4658017       250.90095       76.985056       24.420955       33.160718
AGBT11B_051_90        9005           1       26.953337    0.0055618278
       1.4551262       250.90095       76.985056       24.420955       33.160718
AGBT11B_051_90        9007           0       27.133564     0.041266050
       1.4658017       251.95011       76.522857       24.420546       33.161182
AGBT11B_051_90        9007           1       26.736370    0.0060384570
       1.4551262       251.95011       76.522857       24.420546       33.161182
AGBT11B_051_91        9105           0       33.301105    0.0079156465
       1.4658104       275.32658       54.434160       24.421481       33.159946
AGBT11B_051_91        9105           1       32.464787     0.011212423
       1.4551456       275.32658       54.434160       24.421481       33.159946
AGBT11B_051_91        9107           0       33.165650    0.0032367334
       1.4658104       275.64689       53.952265       24.421494       33.160021
AGBT11B_051_91        9107           1       32.364835     0.010951397
       1.4551455       275.64689       53.952265       24.421494       33.160021
AGBT11B_051_92        9205           0       32.425022     0.019280499
       1.4658129       63.037793       20.235451       24.421503       33.159793
AGBT11B_051_92        9205           1       31.678473    0.0043445671
       1.4551513       63.037793       20.235451       24.421503       33.159793
AGBT11B_051_92        9207           0       32.360170     0.021785808
       1.4658129       63.340893       20.666373       24.421729       33.159668
AGBT11B_051_92        9207           1       31.633944    0.0066932177
       1.4551513       63.340893       20.666373       24.421729       33.159668
AGBT11B_051_93        9305           0       32.430221     0.010863718
       1.4658121       262.99637       69.338007       24.421031       33.160442
AGBT11B_051_93        9305           1       32.407888     0.021804191
       1.4551493       262.99637       69.338007       24.421031       33.160442
AGBT11B_051_93        9307           0       32.450433     0.010815024
       1.4658121       263.53268       68.853901       24.421082       33.160325
AGBT11B_051_93        9307           1       32.487270     0.022414424
       1.4551493       263.53268       68.853901       24.421082       33.160325
AGBT11B_051_94        9405           0       32.505169     0.019603259
       1.4658145       65.787165       24.243713       24.421255       33.159525
AGBT11B_051_94        9405           1       31.820859    0.0084784488
       1.4551547       65.787165       24.243713       24.421255       33.159525
AGBT11B_051_94        9407           0       32.658495     0.022383385
       1.4658145       66.081491       24.685061       24.421636       33.159699
AGBT11B_051_94        9407           1       31.985981     0.012624113
       1.4551547       66.081491       24.685061       24.421636       33.159699
AGBT11B_051_95        9505           0       28.054284     0.019957301
       1.4658147       283.09979       42.019682       24.421211       33.160139
AGBT11B_051_95        9505           1       27.526871     0.043944834
       1.4551553       283.09979       42.019682       24.421211       33.160139
AGBT11B_051_95        9507           0       28.150900     0.024969245
       1.4658147       283.38302       41.551632       24.421294       33.160060
AGBT11B_051_95        9507           1       27.522876     0.029699368
       1.4551553       283.38302       41.551632       24.421294       33.160060
AGBT11B_051_96        9605           0       28.117568    0.0070035724
       1.4658177       281.64069       44.423965       24.421423       33.159814
AGBT11B_051_96        9605           1       27.584382     0.058555587
       1.4551618       281.64069       44.423965       24.421423       33.159814
AGBT11B_051_96        9607           0       27.985793     0.010679046
       1.4658177       281.92721       43.953285       24.421340       33.159927
AGBT11B_051_96        9607           1       27.643829     0.063423566
       1.4551618       281.92721       43.953285       24.421340       33.159927
AGBT11B_051_97        9705           0       27.852689     0.017015681
       1.4658234       67.840521       27.365174       24.421365       33.159694
AGBT11B_051_97        9705           1       27.243285     0.015428358
       1.4551743       67.840521       27.365174       24.421365       33.159694
AGBT11B_051_97        9707           0       27.847598     0.015707699
       1.4658234       68.128177       27.810547       24.421362       33.159722
AGBT11B_051_97        9707           1       27.348191     0.016799195
       1.4551743       68.128177       27.810547       24.421362       33.159722
AGBT11B_051_98        9805           0       27.834325     0.030321505
       1.4658248       69.408749       29.814030       24.421313       33.159636
AGBT11B_051_98        9805           1       27.213021     0.024048154
       1.4551775       69.408749       29.814030       24.421313       33.159636
AGBT11B_051_98        9807           0       27.748274     0.030695615
       1.4658248       69.693369       30.264256       24.421352       33.159695
AGBT11B_051_98        9807           1       27.178915     0.026011323
       1.4551775       69.693369       30.264256       24.421352       33.159695
AGBT11B_051_99        9905           0       27.784787     0.013317537
       1.4658265       287.28632       35.123514       24.421617       33.159654
AGBT11B_051_99        9905           1       27.601929     0.013431578
       1.4551812       287.28632       35.123514       24.421617       33.159654
AGBT11B_051_99        9907           0       27.729437     0.022385920
       1.4658265       287.56758       34.664618       24.421619       33.159551
AGBT11B_051_99        9907           1       27.577635    0.0091622537
       1.4551812       287.56758       34.664618       24.421619       33.159551
AGBT11B_051_100       10005           0       27.501235     0.028951253
       1.4658321       60.385428       16.577715       24.421088       33.159209
AGBT11B_051_100       10005           1       26.911503   0.00039587623
       1.4551936       60.385428       16.577715       24.421088       33.159209
AGBT11B_051_100       10007           0       27.558973     0.028766903
       1.4658321       60.695887       16.995109       24.421198       33.159381
AGBT11B_051_100       10007           1       27.070632   0.00055968337
       1.4551936       60.695887       16.995109       24.421198       33.159381
AGBT11B_051_101         106           0       27.333314     0.012051833
       1.4658335       59.113002       14.901008       24.421056       33.159210
AGBT11B_051_101         106           1       26.665767    0.0089153443
       1.4551967       59.113002       14.901008       24.421056       33.159210
AGBT11B_051_101         108           0       27.305317     0.013518431
       1.4658335       59.428174       15.312689       24.421470       33.159607
AGBT11B_051_101         108           1       26.732530    0.0096562818
       1.4551967       59.428174       15.312689       24.421470       33.159607
AGBT11B_051_102       10205           0       28.621843     0.034530859
       1.4658328       245.71122       78.896453       24.420954       33.160969
AGBT11B_051_102       10205           1       28.410464     0.032604606
       1.4551951       245.71122       78.896453       24.420954       33.160969
AGBT11B_051_102       10207           0       27.450451     0.047419616
       1.4658327       247.16940       78.416615       24.421020       33.160916
AGBT11B_051_102       10207           1       26.713524     0.043634457
       1.4551951       247.16940       78.416615       24.421020       33.160916
AGBT11B_051_103           6           0       27.354377     0.020700986
       1.4658350       62.110724       18.935375       24.421552       33.159630
AGBT11B_051_103           6           1       26.925617     0.012881249
       1.4552000       62.110724       18.935375       24.421552       33.159630
AGBT11B_051_103           8           0       27.408169     0.020457683
       1.4658350       62.417047       19.362862       24.421562       33.159626
AGBT11B_051_103           8           1       26.873051     0.013404496
       1.4552000       62.417047       19.362862       24.421562       33.159626
AGBT11B_051_104       10405           0       27.524316     0.025551735
       1.4658643       67.055000       26.158008       24.421768       33.159926
AGBT11B_051_104       10405           1       27.019902     0.021685024
       1.4552635       67.055000       26.158008       24.421768       33.159926
AGBT11B_051_104       10407           0       27.404347     0.023532332
       1.4658643       67.344756       26.600959       24.421477       33.159755
AGBT11B_051_104       10407           1       26.778819     0.020003691
       1.4552635       67.344756       26.600959       24.421477       33.159755
