Name	RA_hr	RA_min	RA_s	DEC_deg	DEC_arcmin	DEC_arcsec	FieldA	DistFA	FieldV	DistFV	Class	Flux	eFlux	PFlux	RMS	Rmaj	Rmin	PA	norm_name	e_bmaj(arcsec)	e_bmin(arcsec)	e_pa(deg)
HH270VLA1-A	5	51	34.587	2	56	46.01	HH270VLA1	1.1	HH270VLA1	2.3	0	18.902	0.678	14.789	0.32	0.08	0.03	143.9	HH270VLA1A	0.008	0.012	6.7
HH270VLA1-B	5	51	34.6	2	56	45.88	HH270VLA1	0.9	HH270VLA1	2.2	0	17.713	0.726	12.903	0.32	0.1	0.04	141.2	HH270VLA1B	0.008	0.009	5.6
HH270mms1-B	5	51	22.632	2	56	6.8	HH270mms1	0.1	HH270mms	13.4	I	9.574	2.558	7.059	1.06	0.08	0.07	2.7	HH270mms1B	0.055	0.034	68.6
HH270mms1-A	5	51	22.717	2	56	4.98	HH270mms1	2.2	HH270mms	11.7	I	258.935	5.249	68.772	1.11	0.27	0.14	87.4	HH270mms1A	0.006	0.004	1.5
HH270mms2	5	51	22.572	2	55	43.16	HH270mms2	0.4	HH270mms	10.3	Flat	75.444	2.169	14.196	0.38	0.25	0.2	47.3	HH270mms2	0.008	0.008	7.3
HH111MMS-B	5	51	46.066	2	48	30.8	HH111mms	2.8	HH111mms	3.0	I	25.441	4.565	21.905	2.43	0.07	0.04	146.2	HH111MMSB	0.042	0.028	42.0
HH111MMS-A	5	51	46.253	2	48	29.65	HH111mms	0.2	HH111mms	0.0	I	694.088	15.681	101.693	2.28	0.55	0.17	7.6	HH111MMSA	0.013	0.004	0.6
HOPS-367	5	54	36.287	1	53	54.06	HOPS-367	0.4	NAN	NAN	I	1.014	0.215	0.942	0.22	0.0	0.0	0.0	HOPS367	0.000	0.000	0.0
HOPS-7	5	54	20.057	1	50	42.64	HOPS-7	0.2	HOPS-7	0.2	0	44.488	1.213	15.076	0.31	0.26	0.07	154.8	HOPS7	0.008	0.004	0.8
HOPS-5	5	54	32.163	1	48	7.08	HOPS-5	0.1	NAN	NAN	I	44.429	1.172	17.335	0.32	0.19	0.09	12.6	HOPS5	0.006	0.004	1.9
HOPS-4	5	54	53.789	1	47	9.7	HOPS-4	0.4	NAN	NAN	I	4.304	0.594	2.878	0.23	0.12	0.08	12.6	HOPS4	0.032	0.042	26.8
HOPS-354	5	54	24.262	1	44	19.91	HOPS-354	0.5	HOPS-354	0.5	0	54.969	1.08	39.974	0.45	0.08	0.07	158.6	HOPS354	0.004	0.005	14.3
HOPS-3	5	54	56.963	1	42	56.23	HOPS-3	0.1	NAN	NAN	Flat	39.488	1.456	9.283	0.28	0.41	0.09	36.8	HOPS3	0.017	0.006	0.8
HOPS-2	5	54	9.137	1	42	51.7	HOPS-2	0.3	NAN	NAN	I	8.954	0.52	7.107	0.24	0.07	0.04	162.4	HOPS2	0.012	0.018	24.6
HOPS-1	5	54	12.347	1	42	35.48	HOPS-1	0.2	HOPS-1	0.2	I	14.089	0.531	11.711	0.26	0.06	0.03	2.5	HOPS1	0.009	0.017	15.6
HOPS-345	5	47	38.966	0	38	36.21	HOPS-345	0.2	NAN	NAN	I	68.325	1.904	18.273	0.35	0.34	0.13	81.8	HOPS345	0.010	0.005	1.1
HOPS-406	5	47	43.434	0	38	21.31	HOPS-406	1.6	HOPS-406	1.6	0	15.471	0.694	8.174	0.21	0.14	0.11	64.2	HOPS406	0.011	0.012	17.2
HOPS-344	5	47	24.735	0	37	34.83	HOPS-344	0.4	NAN	NAN	I	5.916	0.886	1.698	0.23	0.38	0.04	66.3	HOPS344	0.063	0.034	3.3
HOPS-343	5	47	59.041	0	35	32.83	HOPS-343	0.2	HOPS-343	0.2	I	6.883	0.716	3.852	0.23	0.15	0.11	120.8	HOPS343	0.023	0.019	32.6
HOPS-342	5	47	57.108	0	35	27.12	HOPS-342	0.4	HOPS-343	29.4	I	1.335	0.214	0.948	0.22	0.0	0.0	0.0	HOPS342	0.000	0.000	0.0
HOPS-404	5	48	7.714	0	33	51.83	HOPS-404	1.3	HOPS-404	1.3	0	306.362	6.159	99.488	1.49	0.16	0.16	144.2	HOPS404	0.006	0.005	78.5
HOPS-340	5	47	1.311	0	26	23.04	HOPS-340	1.6	HOPS-340-341	3.7	0	57.346	0.95	36.013	0.37	0.11	0.07	99.7	HOPS340	0.003	0.003	2.8
HOPS-341	5	47	0.914	0	26	21.49	HOPS-341	1.4	HOPS-340-341	2.5	0	27.966	1.057	15.584	0.35	0.15	0.09	145.8	HOPS341	0.008	0.006	4.4
HOPS-338-B	5	46	57.302	0	23	57.97	HOPS-338	7.8	HOPS-338	7.8	0	46.137	1.197	9.36	0.41	0.42	0.08	9.1	HOPS338B	0.012	0.005	0.6
HOPS-338-A	5	46	57.356	0	23	50.43	HOPS-338	0.3	HOPS-338	0.3	0	9.343	0.506	7.308	0.24	0.07	0.04	15.6	HOPS338A	0.013	0.018	42.0
HOPS-337	5	46	55.092	0	23	34.55	HOPS-337	0.1	HOPS-338	37.2	I	30.441	0.762	20.724	0.32	0.09	0.05	45.6	HOPS337	0.004	0.007	7.2
HOPS-336	5	46	2.278	0	23	30.6	HOPS-336	0.1	NAN	NAN	I	1.125	0.217	1.002	0.22	0.0	0.0	0.0	HOPS336	0.000	0.000	0.0
HOPS-393	5	46	42.485	0	23	1.13	HOPS-393	0.2	NAN	NAN	I	4.955	0.622	3.073	0.23	0.15	0.05	32.8	HOPS393	0.024	0.031	15.1
HOPS-366-B	5	47	4.009	0	22	10.45	HOPS-366	0.4	HOPS-361	29.9	I	16.938	0.837	15.132	0.41	0.06	0.03	62.6	HOPS366B	0.013	0.019	30.3
HOPS-366-A	5	47	4.003	0	22	10.33	HOPS-366	0.4	HOPS-361	29.8	I	38.37	0.851	31.889	0.41	0.06	0.04	67.2	HOPS366A	0.006	0.009	17.1
HOPS-361-G-A	5	47	5.367	0	21	50.53	HOPS-361	11.7	HOPS-361	11.7	0	31.588	1.241	27.549	4.54	0.0	0.0	0.0	HOPS361GA	0.000	0.000	0.0
HOPS-361-G-B	5	47	5.451	0	21	50.08	HOPS-361	12.4	HOPS-361	12.4	0	18.986	1.241	15.458	5.5	0.0	0.0	0.0	HOPS361GB	0.000	0.000	0.0
HOPS-361-C	5	47	4.631	0	21	47.85	HOPS-361	5.4	HOPS-361	5.4	0	883.405	9.153	99.369	1.61	0.47	0.19	130.1	HOPS361C	0.005	0.002	0.4
HOPS-361-B	5	47	4.755	0	21	45.45	HOPS-361	2.6	HOPS-361	2.6	0	94.381	2.557	78.129	1.32	0.06	0.05	174.4	HOPS361B	0.008	0.011	38.5
HOPS-361-A	5	47	4.783	0	21	42.86	HOPS-361	0.1	HOPS-361	0.1	0	606.352	6.279	148.914	1.24	0.26	0.15	14.4	HOPS361A	0.003	0.002	0.8
HOPS-361-E	5	47	4.624	0	21	41.3	HOPS-361	2.8	HOPS-361	2.7	0	29.408	4.226	14.345	1.33	0.15	0.11	111.9	HOPS361E	0.030	0.029	78.3
HOPS-361-F	5	47	4.967	0	21	40.74	HOPS-361	3.6	HOPS-361	3.6	0	6.627	1.241	5.763	1.39	0.0	0.0	0.0	HOPS361F	0.000	0.000	0.0
HOPS-361-D	5	47	4.317	0	21	38.04	HOPS-361	8.4	HOPS-361	8.4	0	71.265	4.341	29.469	2.33	0.17	0.09	43.1	HOPS361D	0.012	0.012	5.7
HOPS-392	5	46	16.505	0	21	35.75	HOPS-392	0.5	NAN	NAN	0	1.679	0.227	1.468	0.23	0.0	0.0	0.0	HOPS392	0.000	0.000	0.0
HOPS-347	5	47	15.947	0	21	22.89	HOPS-347	1.2	HOPS-347	1.2	0	22.187	0.719	13.771	0.28	0.12	0.04	43.0	HOPS347	0.005	0.009	4.2
HOPS-365	5	47	10.613	0	21	13.71	HOPS-365	0.4	NAN	NAN	I	128.034	2.338	70.262	0.81	0.11	0.1	101.4	HOPS365	0.004	0.004	17.5
HOPS-359	5	47	24.84	0	20	59.39	HOPS-359	0.7	HOPS-359	0.7	0	139.951	3.176	54.471	0.75	0.17	0.15	3.6	HOPS359	0.006	0.006	15.3
HOPS-390	5	47	32.455	0	20	21.64	HOPS-390	0.3	HOPS-390	0.3	0	110.822	2.673	16.318	0.43	0.47	0.12	15.8	HOPS390	0.012	0.005	0.6
HOPS-364-B	5	47	36.554	0	20	6.0	HOPS-364	0.3	NAN	NAN	I	16.177	1.342	11.496	0.55	0.05	0.03	8.4	HOPS364B	0.011	0.018	31.4
HOPS-364-A	5	47	36.563	0	20	5.92	HOPS-364	0.3	NAN	NAN	I	95.466	1.993	37.59	0.55	0.1	0.06	177.7	HOPS364A	0.003	0.002	3.0
HOPS-331	5	46	28.337	0	19	49.33	HOPS-331	0.3	HOPS-407	22.4	Flat	22.393	0.655	15.958	0.28	0.07	0.06	30.0	HOPS331	0.006	0.009	20.8
HOPS-407	5	46	28.251	0	19	27.96	HOPS-407	1.0	HOPS-407	1.0	0	62.196	1.762	24.426	0.43	0.18	0.14	173.6	HOPS407	0.007	0.007	7.4
HOPS-329	5	47	1.601	0	17	58.92	HOPS-329	0.1	NAN	NAN	I	4.96	0.88	2.638	0.24	0.16	0.11	18.6	HOPS329	0.038	0.035	27.0
HOPS-326	5	46	39.554	0	4	16.87	HOPS-326	0.5	HOPS-326	0.5	0	1.653	0.213	1.404	0.21	0.0	0.0	0.0	HOPS326	0.000	0.000	0.0
HOPS-325	5	46	39.199	0	1	12.31	HOPS-325	2.8	HOPS-325	2.8	0	80.096	1.462	48.843	0.56	0.1	0.09	119.0	HOPS325	0.004	0.004	83.2
HOPS-363-A	5	46	43.122	0	0	52.35	HOPS-363	0.1	NAN	NAN	Flat	29.62	0.723	21.345	0.32	0.08	0.05	25.7	HOPS363A	0.005	0.008	12.0
HOPS-363-B	5	46	43.132	0	0	52.25	HOPS-363	0.3	NAN	NAN	Flat	2.157	0.311	3.033	0.32	0.0	0.0	0.0	HOPS363B	0.000	0.000	0.0
HOPS-324	5	46	37.566	0	0	33.83	HOPS-324	0.4	HOPS-325	48.3	I	2.706	0.241	2.063	0.24	0.0	0.0	0.0	HOPS324	0.000	0.000	0.0
HOPS-389-B	5	46	46.604	0	0	29.52	HOPS-389	6.8	HOPS-389	6.8	0	4.785	0.325	3.974	0.39	0.06	0.03	33.4	HOPS389B	0.000	0.000	0.0
HOPS-389-A	5	46	47.019	0	0	27.07	HOPS-389	0.1	HOPS-389	0.1	0	19.722	0.668	12.884	0.26	0.1	0.07	50.1	HOPS389A	0.008	0.012	14.2
HOPS-323-A	5	46	47.697	0	0	25.27	HOPS-323	0.1	HOPS-389	10.3	I	44.475	0.754	34.101	0.34	0.07	0.05	30.9	HOPS323A	0.004	0.006	10.7
HOPS-323-B	5	46	47.667	0	0	24.81	HOPS-323	0.6	HOPS-389	9.9	I	81.351	1.484	23.04	0.34	0.3	0.08	50.7	HOPS323B	0.006	0.003	0.6
HOPS-322	5	46	46.517	0	0	16.09	HOPS-322	0.4	HOPS-389	13.3	I	19.994	0.721	9.667	0.24	0.17	0.06	105.8	HOPS322	0.008	0.006	2.0
HOPS-321	5	46	33.172	0	0	2.03	HOPS-321	0.2	HOPS-321	0.2	I	5.38	1.318	1.287	0.23	0.3	0.22	59.1	HOPS321	0.083	0.066	39.2
HOPS-403	5	46	27.906	0	0	52.15	HOPS-403	2.9	HOPS-403	2.9	0	584.083	12.812	41.606	1.42	0.39	0.38	64.0	HOPS403	0.012	0.012	79.3
HOPS-373-A	5	46	31.099	0	2	33.02	HOPS-373	6.6	HOPS-373	6.6	0	103.827	1.626	35.336	0.52	0.19	0.17	135.8	HOPS373A	0.004	0.003	8.0
HOPS-373-B	5	46	30.905	0	2	35.19	HOPS-373	3.3	HOPS-373	3.3	0	92.206	0.947	60.276	0.39	0.1	0.09	144.3	HOPS373B	0.002	0.002	8.0
HOPS-320	5	46	14.212	0	5	26.81	HOPS-320	0.1	NAN	NAN	I	5.68	0.763	2.908	0.22	0.17	0.12	56.2	HOPS320	0.033	0.031	28.7
HOPS-388	5	46	13.14	0	6	4.9	HOPS-388	0.4	NAN	NAN	Flat	209.345	4.421	55.528	0.89	0.2	0.19	130.5	HOPS388	0.006	0.005	56.9
HOPS-318	5	46	13.521	0	8	55.93	HOPS-318	0.7	NAN	NAN	Flat	1.445	0.217	1.103	0.22	0.0	0.0	0.0	HOPS318	0.000	0.000	0.0
HOPS-386-C	5	46	8.923	0	9	56.12	HOPS-386	9.1	HOPS-317	42.7	I	30.895	1.008	16.829	0.74	0.16	0.06	125.6	HOPS386C	0.007	0.005	1.8
HOPS-387-A	5	46	7.838	0	9	59.59	HOPS-387	1.3	HOPS-317	40.5	I	111.892	1.497	32.565	0.33	0.27	0.11	42.9	HOPS387A	0.004	0.003	0.6
HOPS-386-B	5	46	8.429	0	10	0.52	HOPS-386	2.4	HOPS-317	38.1	I	39.832	3.258	3.399	0.37	0.45	0.31	68.3	HOPS386B	0.038	0.028	9.4
HOPS-387-B	5	46	7.856	0	10	1.3	HOPS-387	0.5	HOPS-317	38.8	I	29.845	0.821	19.158	0.33	0.1	0.06	76.2	HOPS387B	0.006	0.008	7.1
HOPS-386-A	5	46	8.487	0	10	3.05	HOPS-386	0.4	HOPS-317	35.5	I	102.938	0.955	60.508	0.35	0.12	0.07	56.8	HOPS386A	0.002	0.003	1.9
HOPS-317-A	5	46	8.597	0	10	38.49	HOPS-317	0.1	HOPS-317	0.1	0	65.688	2.267	41.368	0.84	0.1	0.09	48.3	HOPS317A	0.008	0.009	71.3
HOPS-317-B	5	46	8.376	0	10	43.65	HOPS-317	6.0	HOPS-317	6.0	0	1348.63	13.055	57.405	1.15	0.74	0.52	92.2	HOPS317B	0.007	0.005	1.1
HOPS-402	5	46	10.031	0	12	16.88	HOPS-402	0.9	HOPS-402	0.9	0	419.418	9.814	35.459	1.09	0.43	0.29	58.7	HOPS402	0.010	0.008	2.6
HOPS-401	5	46	7.724	0	12	21.25	HOPS-401	1.2	HOPS-401	1.2	0	128.938	2.925	40.059	0.63	0.21	0.16	176.9	HOPS401	0.006	0.005	5.6
HOPS-358-A	5	46	7.257	0	13	30.22	HOPS-358	0.5	HOPS-316-358	4.5	0	223.772	2.057	48.688	0.42	0.38	0.1	81.2	HOPS358A	0.004	0.002	0.3
HOPS-358-B	5	46	7.331	0	13	43.5	HOPS-358	13.7	HOPS-316-358	17.8	0	416.326	2.891	65.756	2.74	0.29	0.27	127.0	HOPS358B	0.002	0.002	4.5
HOPS-385	5	46	4.775	0	14	16.68	HOPS-385	0.4	NAN	NAN	Flat	67.341	1.255	45.916	0.52	0.08	0.07	6.1	HOPS385	0.004	0.005	31.1
HOPS-315	5	46	3.635	0	14	49.56	HOPS-315	0.4	NAN	NAN	I	145.383	2.773	67.366	0.82	0.13	0.12	165.0	HOPS315	0.005	0.005	39.8
HH212mms	5	43	51.408	-1	2	53.16	HH212mms	0.0	HH212mms	0.3	0	186.004	4.128	68.41	1.1	0.22	0.1	118.6	HH212mms	0.006	0.005	1.5
HOPS-312-A	5	43	5.69	-1	15	54.59	HOPS-312	0.4	HOPS-312	0.4	0	24.111	0.652	18.569	0.3	0.07	0.05	117.8	HOPS312A	0.005	0.005	16.1
HOPS-312-B	5	43	5.705	-1	15	54.83	HOPS-312	0.6	HOPS-312	0.5	0	9.371	0.667	6.978	0.3	0.08	0.05	139.9	HOPS312B	0.014	0.018	26.6
HOPS-400-A	5	42	45.246	-1	16	13.62	HOPS-400	0.6	HOPS-400	0.6	0	123.089	5.49	59.736	1.54	0.14	0.13	100.2	HOPS400A	0.012	0.012	74.6
HOPS-400-B	5	42	45.257	-1	16	14.03	HOPS-400	0.4	HOPS-400	0.4	0	602.787	16.486	38.241	1.53	0.44	0.41	18.5	HOPS400B	0.014	0.013	22.9
HOPS-311	5	43	3.056	-1	16	29.32	HOPS-311	0.5	NAN	NAN	Flat	68.189	1.558	25.92	0.41	0.17	0.11	43.2	HOPS311	0.004	0.004	2.6
HOPS-310	5	42	27.677	-1	20	1.33	HOPS-310	0.3	HOPS-310	0.3	0	473.562	9.551	99.701	1.68	0.29	0.15	45.7	HOPS310	0.006	0.004	1.4
HOPS-305	5	41	45.386	-1	51	56.82	HOPS-305	0.2	NAN	NAN	Flat	39.968	1.117	17.898	0.32	0.13	0.12	51.6	HOPS305	0.007	0.008	29.9
HOPS-357-B	5	41	39.143	-1	52	7.29	HOPS-357	0.7	NAN	NAN	Flat	29.634	1.618	23.941	0.78	0.06	0.04	23.2	HOPS357B	0.012	0.023	67.2
HOPS-357-A	5	41	39.128	-1	52	7.45	HOPS-357	0.5	NAN	NAN	Flat	121.808	2.37	62.398	0.78	0.12	0.09	30.2	HOPS357A	0.003	0.004	7.2
2M05414483-0154357	5	41	44.842	-1	54	35.98	HOPS-384	14.6	HOPS-384	14.6	NAN	68.482	1.825	34.267	5.56	0.14	0.08	93.9	2M054144830154357			
HOPS-384-B	5	41	44.016	-1	54	43.14	HOPS-384	2.2	HOPS-384	2.2	0	127.657	5.406	13.9	0.64	0.73	0.18	34.9	HOPS384B	0.032	0.010	0.9
HOPS-384-A	5	41	44.135	-1	54	46.06	HOPS-384	1.2	HOPS-384	1.2	0	200.181	1.605	130.084	0.62	0.1	0.07	60.2	HOPS384A	0.002	0.002	2.6
HOPS-384-C	5	41	44.252	-1	54	55.53	HOPS-384	10.7	HOPS-384	10.7	0	41.483	2.909	13.576	1.77	0.21	0.17	62.6	HOPS384C	0.019	0.018	24.9
HOPS-304-A	5	41	45.954	-1	56	26.59	HOPS-304	0.5	NAN	NAN	Flat	24.595	0.644	20.656	0.32	0.05	0.04	37.7	HOPS304A	0.006	0.008	58.8
HOPS-304-B	5	41	45.912	-1	56	26.8	HOPS-304	0.8	NAN	NAN	Flat	13.098	0.59	12.04	0.32	0.04	0.03	133.2	HOPS304B	0.013	0.022	85.2
HOPS-303	5	42	2.649	-2	7	45.98	HOPS-303	0.5	HOPS-303	0.6	0	199.125	4.296	46.296	0.77	0.24	0.19	164.0	HOPS303	0.006	0.005	4.5
HOPS-299	5	41	44.61	-2	16	6.63	HOPS-299	0.5	NAN	NAN	I	5.005	0.86	3.272	0.31	0.13	0.09	135.2	HOPS299	0.037	0.041	78.1
HOPS-300	5	41	24.212	-2	16	6.66	HOPS-300	0.2	NAN	NAN	I	5.188	0.565	3.644	0.22	0.1	0.08	101.7	HOPS300	0.024	0.030	71.3
HOPS-298-A	5	41	37.192	-2	17	17.35	HOPS-298	0.4	NAN	NAN	I	278.637	5.822	95.056	1.4	0.19	0.12	3.1	HOPS298A	0.005	0.004	2.7
HOPS-298-B	5	41	37.04	-2	17	18.01	HOPS-298	2.2	NAN	NAN	I	85.833	4.287	43.825	1.46	0.11	0.11	15.4	HOPS298B	0.012	0.013	74.0
HOPS-297	5	41	23.294	-2	17	35.79	HOPS-297	0.3	HOPS-399	40.9	I	3.053	0.661	1.612	0.21	0.19	0.07	173.2	HOPS297	0.053	0.049	19.3
HOPS-399	5	41	24.932	-2	18	6.68	HOPS-399	1.8	HOPS-399	1.8	0	290.391	6.27	103.999	1.48	0.19	0.15	143.6	HOPS399	0.005	0.004	5.1
HOPS-372	5	41	26.37	-2	18	20.18	HOPS-372	0.5	HOPS-372	0.5	0	20.461	0.795	12.912	0.29	0.1	0.08	116.2	HOPS372	0.007	0.006	21.5
HOPS-398	5	41	29.414	-2	21	16.42	HOPS-398	0.7	HOPS-398	0.7	0	234.84	5.169	64.071	0.98	0.22	0.19	10.6	HOPS398	0.006	0.006	7.9
HOPS-295	5	41	28.961	-2	23	19.56	HOPS-295	0.3	NAN	NAN	I	3.48	0.386	3.438	0.22	0.0	0.0	0.0	HOPS295	0.054	0.039	0.0
HOPS-294	5	40	51.733	-2	26	49.02	HOPS-294	0.5	NAN	NAN	Flat	2.79	0.489	2.047	0.22	0.11	0.01	6.3	HOPS294	0.031	0.056	25.1
HOPS-107	5	35	23.353	-4	40	10.29	HOPS-107	0.2	NAN	NAN	Flat	37.855	0.765	26.496	0.33	0.08	0.05	120.5	HOPS107	0.003	0.004	4.0
HOPS-105	5	35	32.299	-4	46	48.44	HOPS-105	0.2	NAN	NAN	Flat	3.721	0.843	2.038	0.29	0.14	0.1	27.1	HOPS105	0.051	0.069	80.8
HOPS-102	5	34	35.168	-4	52	17.96	HOPS-102	0.2	NAN	NAN	I	36.59	1.481	5.271	0.25	0.47	0.1	108.9	HOPS102	0.021	0.006	0.8
HOPS-99	5	34	29.468	-4	55	30.25	HOPS-99	0.6	HOPS-99	0.6	0	13.044	0.646	8.38	0.24	0.1	0.07	27.3	HOPS99	0.008	0.008	16.8
HOPS-96	5	35	29.718	-4	58	48.6	HOPS-96	0.2	HOPS-96	0.2	0	208.898	3.595	90.565	1.05	0.12	0.11	134.6	HOPS96	0.003	0.003	7.1
HOPS-383	5	35	29.785	-4	59	50.41	HOPS-383	0.8	HOPS-383	0.8	0	158.833	3.117	54.88	0.78	0.18	0.12	49.7	HOPS383	0.004	0.003	2.2
HOPS-95	5	35	34.205	-4	59	52.41	HOPS-95	0.2	HOPS-95	0.2	0	16.139	0.655	9.839	0.24	0.11	0.06	36.2	HOPS95	0.006	0.006	4.5
HOPS-93	5	35	15.048	-5	0	8.05	HOPS-93	0.3	HOPS-94	17.5	I	46.99	1.292	12.557	0.29	0.3	0.07	121.8	HOPS93	0.009	0.004	0.7
HOPS-92-A-A	5	35	18.337	-5	0	32.94	HOPS-92	0.3	HOPS-91	19.9	Flat	129.217	3.27	60.778	1.0	0.11	0.1	140.8	HOPS92AA	0.004	0.004	17.8
HOPS-92-A-B	5	35	18.328	-5	0	33.18	HOPS-92	0.3	HOPS-91	19.7	Flat	4.364	1.003	3.543	1.0	0.0	0.0	0.0	HOPS92AB	0.000	0.000	0.0
HOPS-92-B	5	35	18.27	-5	0	33.92	HOPS-92	1.2	HOPS-91	19.5	Flat	171.825	4.212	57.532	1.01	0.17	0.12	174.1	HOPS92B	0.005	0.004	3.1
HOPS-91	5	35	18.925	-5	0	51.11	HOPS-91	0.3	HOPS-91	0.3	0	31.583	1.566	6.517	0.24	0.26	0.2	54.4	HOPS91	0.013	0.011	8.2
HOPS-90	5	35	34.492	-5	0	52.34	HOPS-90	0.4	NAN	NAN	Flat	3.933	0.766	1.794	0.21	0.19	0.11	110.4	HOPS90	0.044	0.036	15.8
HOPS-89	5	35	19.975	-5	1	2.56	HOPS-89	0.3	HOPS-91	19.7	Flat	22.901	0.709	13.317	0.26	0.12	0.05	82.4	HOPS89	0.005	0.005	2.3
HOPS-88	5	35	22.471	-5	1	14.31	HOPS-88	0.6	HOPS-87-88	11.7	0	141.984	2.46	79.732	0.83	0.1	0.09	166.9	HOPS88	0.003	0.003	11.5
HOPS-87	5	35	23.42	-5	1	30.54	HOPS-87	2.0	HOPS-87-88	10.1	0	1587.4	33.473	134.583	3.45	0.36	0.35	11.1	HOPS87	0.008	0.008	30.4
HOPS-86-A	5	35	23.654	-5	1	40.26	HOPS-86	0.1	HOPS-87-88	19.7	I	25.94	3.302	8.481	0.75	0.17	0.15	0.5	HOPS86A	0.025	0.025	54.7
HOPS-86-B	5	35	23.733	-5	1	48.13	HOPS-86	8.0	HOPS-87-88	27.0	I	59.351	2.643	25.235	1.31	0.13	0.12	7.2	HOPS86B	0.009	0.009	56.1
HOPS-85-A	5	35	28.189	-5	3	41.2	HOPS-85	0.3	HOPS-84	27.9	Flat	29.763	1.143	19.683	0.45	0.05	0.04	123.9	HOPS85A	0.005	0.006	18.2
HOPS-85-B	5	35	28.193	-5	3	41.29	HOPS-85	0.4	HOPS-84	27.9	Flat	20.897	0.846	18.453	0.45	0.03	0.01	66.0	HOPS85B	0.006	0.010	28.1
HOPS-84-A	5	35	26.56	-5	3	55.12	HOPS-84	0.1	HOPS-84	0.1	I	436.196	8.167	104.767	1.6	0.26	0.12	167.5	HOPS84A	0.005	0.003	1.0
HOPS-84-B	5	35	26.537	-5	3	55.73	HOPS-84	0.8	HOPS-84	0.8	I	25.088	3.685	18.012	1.61	0.09	0.03	166.2	HOPS84B	0.024	0.025	15.8
HOPS-82	5	35	19.74	-5	4	54.5	HOPS-82	0.2	NAN	NAN	Flat	6.159	0.486	4.961	0.23	0.06	0.04	90.9	HOPS82	0.013	0.021	22.9
HOPS-81	5	35	28.019	-5	4	57.35	HOPS-81	1.3	HOPS-81	1.3	0	64.334	1.148	39.902	0.44	0.1	0.06	122.0	HOPS81	0.003	0.003	2.9
HOPS-80	5	35	25.183	-5	5	9.37	HOPS-80	0.1	HOPS-78	35.6	Flat	14.856	1.216	2.897	0.21	0.27	0.21	155.3	HOPS80	0.024	0.020	17.1
HOPS-78-A	5	35	25.966	-5	5	43.33	HOPS-78	2.1	HOPS-78	2.2	0	322.435	3.44	45.686	0.55	0.44	0.14	171.1	HOPS78A	0.005	0.002	0.3
HOPS-78-B	5	35	26.148	-5	5	45.8	HOPS-78	5.3	HOPS-78	5.3	0	8.534	1.116	6.772	0.67	0.05	0.05	179.4	HOPS78B	0.023	0.024	90.2
HOPS-77-B	5	35	31.47	-5	5	46.1	HOPS-77	1.5	NAN	NAN	Flat	1.419	0.244	1.444	0.24	0.0	0.0	0.0	HOPS77B	0.000	0.000	0.0
HOPS-78-C	5	35	26.181	-5	5	47.12	HOPS-78	6.4	HOPS-78	6.4	0	9.34	1.804	4.486	0.75	0.17	0.08	131.9	HOPS78C	0.039	0.034	12.7
HOPS-77-A-A	5	35	31.539	-5	5	47.33	HOPS-77	0.1	NAN	NAN	Flat	6.38	0.244	5.9	0.24	0.0	0.0	0.0	HOPS77AA	0.000	0.000	0.0
HOPS-77-A-B	5	35	31.545	-5	5	47.4	HOPS-77	0.2	NAN	NAN	Flat	5.299	0.244	5.325	0.24	0.0	0.0	0.0	HOPS77AB	0.000	0.000	0.0
HOPS-78-D	5	35	25.92	-5	5	47.7	HOPS-78	4.3	HOPS-78	4.3	0	6.566	1.484	3.343	0.62	0.15	0.03	175.4	HOPS78D	0.045	0.034	10.5
HOPS-76	5	35	25.763	-5	5	58.13	HOPS-76	0.3	HOPS-78	14.5	I	13.142	0.475	10.96	0.23	0.05	0.04	57.6	HOPS76	0.008	0.010	37.8
HOPS-75-A	5	35	26.68	-5	6	10.51	HOPS-75	0.4	HOPS-75	0.4	0	16.067	0.522	13.312	0.25	0.06	0.04	156.1	HOPS75A	0.006	0.008	20.6
HOPS-75-B	5	35	26.678	-5	6	10.76	HOPS-75	0.6	HOPS-75	0.6	0	1.92	0.273	1.363	0.25	0.0	0.0	0.0	HOPS75B	0.000	0.000	0.0
HOPS-74	5	35	24.874	-5	6	21.58	HOPS-74	0.3	HOPS-75	28.9	Flat	42.054	0.953	21.982	0.32	0.12	0.08	126.7	HOPS74	0.004	0.003	3.6
HOPS-73	5	35	27.699	-5	7	4.32	HOPS-73	0.8	HOPS-73	0.8	0	10.403	1.138	3.555	0.23	0.19	0.16	60.9	HOPS73	0.023	0.020	27.5
HOPS-72	5	35	25.724	-5	7	46.24	HOPS-71	11.2	HOPS-394	27.8	NAN	16.71	0.843	10.064	1.01	0.11	0.06	101.5	HOPS72	0.008	0.009	5.5
HOPS-394-A	5	35	24.046	-5	7	52.11	HOPS-394	2.2	HOPS-394	2.3	0	21.517	1.377	7.073	0.3	0.25	0.13	80.7	HOPS394A	0.017	0.010	4.0
HOPS-394-B	5	35	24.867	-5	7	54.64	HOPS-71	11.4	HOPS-394	14.1	0	9.878	0.315	7.997	1.05	0.0	0.0	0.0	HOPS394B	0.000	0.000	0.0
HOPS-71-B	5	35	25.541	-5	7	56.84	HOPS-71	1.1	HOPS-394	24.4	I	5.455	1.588	1.373	0.32	0.29	0.12	82.4	HOPS71B	0.092	0.053	12.8
HOPS-71-A	5	35	25.582	-5	7	57.64	HOPS-71	0.5	HOPS-394	25.1	I	130.081	1.115	52.674	0.31	0.19	0.07	123.0	HOPS71A	0.002	0.001	0.4
HOPS-70-B-B	5	35	22.57	-5	8	0.32	HOPS-70	5.1	HOPS-394	21.4	Flat	7.887	0.533	6.426	0.32	0.07	0.03	51.2	HOPS70BB	0.012	0.026	17.1
HOPS-70-C	5	35	21.938	-5	8	4.58	HOPS-70	7.1	HOPS-394	31.7	Flat	8.631	0.836	3.766	0.4	0.17	0.07	78.3	HOPS70C	0.019	0.016	5.4
HOPS-70-A-B	5	35	22.426	-5	8	5.03	HOPS-70	0.3	HOPS-394	25.2	Flat	3.369	0.541	2.725	0.26	0.0	0.0	0.0	HOPS70AB	0.105	0.040	0.0
HOPS-70-A-A	5	35	22.406	-5	8	5.14	HOPS-70	0.4	HOPS-394	25.5	Flat	35.891	0.537	28.446	0.26	0.05	0.05	13.4	HOPS70AA	0.003	0.004	87.8
HOPS-68	5	35	24.299	-5	8	30.74	HOPS-68	0.2	HOPS-68	0.0	I	88.22	1.594	52.05	0.55	0.1	0.09	3.6	HOPS68	0.003	0.003	18.0
HOPS-66-B	5	35	26.927	-5	9	22.43	HOPS-66	2.5	HOPS-370	15.2	Flat	34.617	1.104	12.565	0.29	0.17	0.12	165.8	HOPS66B	0.006	0.005	3.8
HOPS-66-A	5	35	26.857	-5	9	24.4	HOPS-66	0.3	HOPS-370	14.7	Flat	43.306	0.566	35.971	0.28	0.05	0.04	47.0	HOPS66A	0.003	0.003	29.3
HOPS-370	5	35	27.634	-5	9	34.42	HOPS-370	1.0	HOPS-370	1.0	I	533.285	10.049	109.886	1.99	0.34	0.11	109.7	HOPS370	0.007	0.003	0.6
HOPS-65	5	35	21.576	-5	9	38.85	HOPS-65	0.4	NAN	NAN	I	83.909	3.199	4.257	0.28	0.99	0.28	171.4	HOPS65	0.000	0.000	1.0
2MJ05352746-0509441	5	35	27.472	-5	9	44.14	HOPS-370	10.9	HOPS-370	10.9	II	9.073	1.791	6.366	2.33	0.0	0.0	0.0	2MJ053527460509441			
HOPS-64	5	35	26.998	-5	9	54.08	HOPS-108	6.4	HOPS-108	6.4	I	33.467	0.759	20.373	0.41	0.1	0.07	119.3	HOPS64	0.004	0.004	6.4
HOPS-108	5	35	27.086	-5	10	0.06	HOPS-108	0.4	HOPS-108	0.4	0	62.631	0.982	27.671	0.29	0.12	0.12	105.7	HOPS108	0.003	0.004	31.9
VLA16	5	35	26.824	-5	10	5.62	HOPS-108	6.4	HOPS-108	6.4	NAN	6.664	0.81	4.239	0.41	0.1	0.08	164.8	VLA16	0.019	0.022	47.3
VLA15	5	35	26.41	-5	10	5.94	HOPS-108	11.4	HOPS-108	11.4	NAN	122.941	1.649	20.485	0.96	0.41	0.11	87.3	VLA15	0.006	0.002	0.3
OMC2-FIR4-ALMA1	5	35	26.785	-5	10	8.83	HOPS-369	8.8	HOPS-108	9.5	NAN	5.574	0.728	3.301	0.53	0.14	0.04	110.5	OMC2FIR4ALMA1	0.026	0.022	9.2
HOPS-369	5	35	26.969	-5	10	17.27	HOPS-369	0.1	HOPS-108	17.0	Flat	26.113	0.532	22.398	0.27	0.05	0.04	21.3	HOPS369	0.006	0.009	41.1
HOPS-368	5	35	24.725	-5	10	30.08	HOPS-368	0.1	HOPS-108	46.0	I	135.908	2.615	60.96	0.76	0.19	0.08	105.2	HOPS368	0.004	0.003	1.1
HOPS-60	5	35	23.287	-5	12	3.41	HOPS-60	0.7	HOPS-60	0.7	0	336.125	5.985	112.762	1.45	0.19	0.11	159.0	HOPS60	0.004	0.003	1.5
HOPS-59-B	5	35	20.134	-5	13	13.31	HOPS-59	2.2	HOPS-409	19.4	Flat	7.254	1.926	6.902	1.11	0.0	0.0	0.0	HOPS59B	0.075	0.055	0.0
HOPS-59-A	5	35	20.151	-5	13	15.7	HOPS-59	0.2	HOPS-409	18.7	Flat	309.075	6.0	60.705	1.06	0.25	0.16	91.8	HOPS59A	0.005	0.004	1.7
HOPS-409	5	35	21.363	-5	13	17.83	HOPS-409	0.6	HOPS-409	0.6	0	185.41	1.9	39.275	0.36	0.34	0.12	115.8	HOPS409	0.004	0.002	0.4
HOPS-58	5	35	18.523	-5	13	38.34	HOPS-58	0.3	HOPS-409	47.8	Flat	111.075	2.225	36.679	0.52	0.16	0.14	172.4	HOPS58	0.004	0.004	18.0
HOPS-57-A	5	35	19.887	-5	15	8.18	HOPS-57	0.8	HOPS-56	25.3	Flat	131.131	2.619	39.419	0.57	0.23	0.12	43.0	HOPS57A	0.005	0.003	1.2
HOPS-57-B	5	35	19.833	-5	15	9.03	HOPS-57	0.5	HOPS-56	24.3	Flat	10.96	1.169	8.715	0.56	0.06	0.03	74.0	HOPS57B	0.016	0.021	26.8
HOPS-56-A-C	5	35	19.481	-5	15	32.81	HOPS-56	0.3	HOPS-56	0.2	0	2.772	0.263	2.264	0.26	0.0	0.0	0.0	HOPS56AC	0.000	0.000	0.0
HOPS-56-A-B	5	35	19.47	-5	15	32.96	HOPS-56	0.3	HOPS-56	0.3	0	2.325	0.263	1.608	0.26	0.0	0.0	0.0	HOPS56AB	0.000	0.000	0.0
HOPS-56-A-A	5	35	19.482	-5	15	33.08	HOPS-56	0.4	HOPS-56	0.4	0	12.08	0.584	9.509	0.26	0.07	0.05	43.2	HOPS56AA	0.008	0.010	28.8
V2358Ori	5	35	19.811	-5	15	35.2	HOPS-56	5.7	HOPS-56	5.7	NAN	2.718	0.54	2.171	0.35	0.0	0.0	0.0	V2358Ori	0.101	0.052	0.0
HOPS-56-B	5	35	19.42	-5	15	38.29	HOPS-56	5.6	HOPS-56	5.6	0	129.682	3.774	5.207	0.35	0.79	0.39	61.1	HOPS56B	0.000	0.000	1.5
HOPS-53	5	33	57.395	-5	23	29.99	HOPS-53	0.5	HOPS-53	0.5	0	78.129	1.245	60.526	0.57	0.07	0.05	128.7	HOPS53	0.003	0.003	6.1
HOPS-50	5	34	40.914	-5	31	44.71	HOPS-50	0.3	HOPS-50	0.3	0	240.577	4.615	60.465	0.9	0.25	0.13	68.3	HOPS50	0.005	0.003	1.2
HOPS-49	5	34	48.885	-5	31	45.79	HOPS-49	0.2	NAN	NAN	I	13.13	0.724	6.35	0.23	0.17	0.04	27.1	HOPS49	0.011	0.010	2.0
HOPS-47	5	33	45.882	-5	32	58.12	HOPS-47	0.2	NAN	NAN	Flat	6.084	0.789	2.371	0.21	0.21	0.11	158.5	HOPS47	0.031	0.024	10.5
HOPS-45-A	5	35	6.457	-5	33	34.98	HOPS-45	0.1	NAN	NAN	Flat	39.092	0.841	28.289	0.37	0.08	0.04	29.0	HOPS45A	0.003	0.004	2.8
HOPS-45-B	5	35	6.454	-5	33	35.28	HOPS-45	0.2	NAN	NAN	Flat	22.569	0.757	18.584	0.37	0.05	0.04	146.8	HOPS45B	0.009	0.009	45.7
HOPS-44	5	35	10.591	-5	35	6.26	HOPS-44	0.3	HOPS-44	0.3	0	3.479	0.696	1.993	0.22	0.15	0.1	101.5	HOPS44	0.042	0.041	28.4
HOPS-43	5	35	4.503	-5	35	14.78	HOPS-43	0.4	HOPS-43	0.4	I	4.586	0.695	2.425	0.21	0.17	0.1	120.2	HOPS43	0.032	0.028	13.5
HOPS-42	5	35	5.061	-5	35	40.79	HOPS-42	0.3	HOPS-43	27.7	I	48.731	1.507	9.843	0.27	0.4	0.1	106.2	HOPS42	0.013	0.005	0.7
HOPS-41	5	34	29.463	-5	35	42.8	HOPS-41	0.4	NAN	NAN	I	25.979	0.555	23.025	0.29	0.04	0.03	45.5	HOPS41	0.005	0.006	82.0
HOPS-40	5	35	8.44	-5	35	58.57	HOPS-40	1.4	HOPS-40	1.4	0	8.138	0.693	4.814	0.23	0.14	0.07	76.1	HOPS40	0.015	0.013	6.0
HOPS-36	5	34	26.453	-5	37	40.75	HOPS-36	0.4	NAN	NAN	Flat	40.162	0.948	19.848	0.31	0.13	0.07	155.4	HOPS36	0.004	0.003	2.3
HOPS-32-A	5	34	35.454	-5	39	59.33	HOPS-32	0.2	HOPS-32	0.2	0	22.196	0.72	13.756	0.27	0.11	0.06	52.5	HOPS32A	0.005	0.005	4.0
HOPS-32-B	5	34	35.432	-5	39	59.58	HOPS-32	0.6	HOPS-32	0.5	0	13.967	1.012	6.303	0.27	0.15	0.11	68.5	HOPS32B	0.013	0.011	10.9
HOPS-30	5	34	44.055	-5	41	25.84	HOPS-30	0.1	HOPS-28	56.9	I	115.088	2.019	56.273	0.64	0.13	0.08	139.9	HOPS30	0.003	0.003	2.4
HOPS-29	5	34	49.043	-5	41	42.4	HOPS-29	0.2	HOPS-28	29.4	I	28.577	0.666	20.794	0.29	0.07	0.06	172.5	HOPS29	0.004	0.005	29.5
HOPS-28-A	5	34	47.32	-5	41	56.08	HOPS-28	0.5	HOPS-28	0.5	0	10.082	0.726	4.572	0.23	0.16	0.06	54.0	HOPS28A	0.014	0.011	3.9
HOPS-28-B	5	34	47.303	-5	41	56.29	HOPS-28	0.5	HOPS-28	0.5	0	2.616	0.484	2.215	0.23	0.08	0.01	67.3	HOPS28B	0.027	0.039	49.2
HOPS-20-A	5	33	30.704	-5	50	41.29	HOPS-20	0.3	HOPS-20	0.3	I	6.705	0.464	6.012	0.23	0.05	0.03	59.5	HOPS20A	0.013	0.017	67.1
HOPS-18	5	35	5.515	-5	51	54.42	HOPS-18	0.4	HOPS-18	0.4	I	35.09	1.329	12.959	0.35	0.27	0.07	161.4	HOPS18	0.012	0.006	1.3
HOPS-17	5	35	7.185	-5	52	6.07	HOPS-17	0.2	HOPS-18	27.9	I	43.928	1.131	17.133	0.3	0.17	0.1	37.2	HOPS17	0.005	0.004	1.9
HOPS-15	5	36	19.027	-5	55	25.4	HOPS-15	0.1	NAN	NAN	Flat	4.58	0.597	2.969	0.22	0.11	0.06	58.7	HOPS15	0.021	0.024	17.5
HOPS-16	5	35	0.822	-5	55	26.07	HOPS-16	0.4	NAN	NAN	Flat	21.644	0.67	18.925	0.35	0.05	0.03	147.6	HOPS16	0.011	0.018	37.1
HOPS-13	5	35	24.581	-5	55	33.74	HOPS-13	0.5	NAN	NAN	Flat	3.903	0.702	1.67	0.2	0.19	0.09	30.7	HOPS13	0.042	0.033	14.3
HOPS-371	5	35	10.419	-5	55	40.55	HOPS-371	0.3	HOPS-12	30.4	0	3.664	0.688	2.144	0.23	0.13	0.1	113.4	HOPS371	0.040	0.049	54.1
HOPS-12-A	5	35	8.631	-5	55	54.64	HOPS-12	0.6	HOPS-12	0.6	0	33.165	0.728	27.254	0.34	0.06	0.05	103.3	HOPS12A	0.005	0.006	16.4
HOPS-12-B-B	5	35	8.955	-5	55	54.88	HOPS-12	5.3	HOPS-12	5.3	0	42.345	0.821	29.598	0.43	0.09	0.06	82.5	HOPS12BB	0.003	0.004	5.6
HOPS-12-B-A	5	35	8.945	-5	55	55.03	HOPS-12	5.2	HOPS-12	5.2	0	59.902	0.876	39.274	0.43	0.09	0.07	76.6	HOPS12BA	0.002	0.003	4.4
HOPS-11	5	35	13.424	-5	57	57.88	HOPS-11	0.3	HOPS-11	0.3	0	236.579	4.139	96.238	1.17	0.13	0.12	94.4	HOPS11	0.003	0.003	12.5
HOPS-10	5	35	9.05	-5	58	26.87	HOPS-10	1.0	HOPS-10	1.0	0	69.209	1.334	33.175	0.43	0.14	0.07	116.6	HOPS10	0.003	0.003	1.4
HOPS-192	5	36	32.472	-6	1	16.45	HOPS-192	0.4	NAN	NAN	Flat	36.026	1.018	18.905	0.34	0.11	0.09	31.5	HOPS192	0.007	0.007	15.1
HOPS-193-A	5	36	30.282	-6	1	17.11	HOPS-193	0.3	NAN	NAN	I	8.812	0.529	7.363	0.26	0.05	0.04	16.5	HOPS193A	0.015	0.016	79.7
HOPS-193-B	5	36	30.283	-6	1	17.37	HOPS-193	0.2	NAN	NAN	I	8.678	0.515	7.336	0.26	0.05	0.02	149.1	HOPS193B	0.013	0.019	55.0
HOPS-200	5	35	33.214	-6	6	9.62	HOPS-200	0.0	NAN	NAN	Flat	73.37	2.275	13.325	0.33	0.46	0.16	84.1	HOPS200	0.015	0.005	1.0
HOPS-194	5	35	52.027	-6	10	1.67	HOPS-194	0.4	NAN	NAN	Flat	270.494	5.458	81.15	1.12	0.19	0.17	86.5	HOPS194	0.005	0.004	9.8
HOPS-191	5	36	17.273	-6	11	11.21	HOPS-191	0.3	NAN	NAN	I	7.927	0.488	6.844	0.25	0.05	0.02	139.2	HOPS191	0.015	0.024	64.7
HOPS-198	5	35	22.196	-6	13	6.14	HOPS-198	0.3	HOPS-198	0.3	0	56.256	1.643	10.411	0.32	0.41	0.07	158.4	HOPS198	0.013	0.005	0.6
HOPS-185	5	36	36.969	-6	14	58.78	HOPS-185	0.8	NAN	NAN	I	21.563	1.128	7.235	0.26	0.27	0.1	94.9	HOPS185	0.016	0.008	2.0
HOPS-181-B	5	36	19.655	-6	22	8.95	HOPS-181	4.1	HOPS-182	12.3	I	19.232	1.447	11.437	0.59	0.11	0.08	139.7	HOPS181B	0.017	0.020	33.2
HOPS-182-A	5	36	18.795	-6	22	10.21	HOPS-182	0.6	HOPS-182	0.5	0	741.927	7.967	192.971	1.63	0.21	0.16	150.8	HOPS182A	0.002	0.002	2.2
HOPS-182-B	5	36	18.775	-6	22	11.15	HOPS-182	1.3	HOPS-182	1.3	0	111.168	4.084	71.782	1.65	0.11	0.06	79.4	HOPS182B	0.007	0.006	4.5
HOPS-181-A	5	36	19.504	-6	22	11.99	HOPS-181	0.4	HOPS-182	10.2	I	8.424	0.947	7.704	0.51	0.0	0.0	0.0	HOPS181A	0.071	0.043	0.0
HOPS-182-C	5	36	18.478	-6	22	13.62	HOPS-182	6.3	HOPS-182	6.3	0	17.028	3.435	13.768	2.29	0.07	0.04	127.1	HOPS182C	0.039	0.034	77.4
HOPS-183-B	5	36	17.912	-6	22	27.25	HOPS-183	1.1	HOPS-182	21.9	Flat	2.095	0.53	1.847	0.25	0.09	0.03	117.6	HOPS183B	0.048	0.056	51.7
HOPS-178	5	36	24.622	-6	22	41.14	HOPS-178	0.3	NAN	NAN	I	43.686	0.934	29.371	0.38	0.1	0.05	60.4	HOPS178	0.004	0.003	2.6
HOPS-179	5	36	21.876	-6	23	29.91	HOPS-179	0.6	NAN	NAN	Flat	97.468	1.95	41.178	0.55	0.13	0.12	56.0	HOPS179	0.004	0.004	73.6
HOPS-176	5	36	23.603	-6	24	51.48	HOPS-176	0.3	HOPS-173-380	31.5	Flat	1.955	0.754	1.354	0.32	0.18	0.09	148.5	HOPS176	0.100	0.102	48.9
HOPS-174	5	36	25.868	-6	24	58.67	HOPS-174	0.2	HOPS-173-380	6.4	Flat	76.961	1.7	26.505	0.39	0.16	0.15	128.1	HOPS174	0.005	0.005	60.9
HOPS-173-A	5	36	26.041	-6	25	5.09	HOPS-173	0.1	HOPS-173-380	7.3	0	4.664	0.655	2.978	0.25	0.11	0.06	48.1	HOPS173A	0.024	0.031	20.1
HOPS-173-B	5	36	26.051	-6	25	5.31	HOPS-173	0.3	HOPS-173-380	7.5	0	2.791	0.527	2.028	0.25	0.0	0.0	0.0	HOPS173B	0.110	0.046	0.0
HOPS-199	5	34	39.887	-6	25	14.02	HOPS-199	0.4	NAN	NAN	Flat	32.335	2.335	3.946	0.26	0.91	0.14	38.7	HOPS199	0.072	0.013	1.0
HOPS-186	5	35	47.306	-6	26	14.71	HOPS-186	0.4	HOPS-186	0.4	I	56.63	1.856	8.001	0.3	0.51	0.1	132.3	HOPS186	0.018	0.006	0.7
HOPS-189	5	35	30.921	-6	26	32.0	HOPS-189	0.4	HOPS-188	30.9	I	5.326	0.574	3.93	0.25	0.08	0.05	31.2	HOPS189	0.026	0.032	48.5
HOPS-188	5	35	29.844	-6	26	58.13	HOPS-188	0.4	HOPS-188	0.4	I	677.581	14.169	100.838	1.87	0.38	0.22	75.0	HOPS188	0.008	0.005	1.4
HOPS-172	5	36	19.463	-6	29	6.91	HOPS-172	0.3	NAN	NAN	I	11.059	0.709	5.89	0.23	0.12	0.08	105.2	HOPS172	0.010	0.010	11.7
HOPS-170-B	5	36	41.322	-6	33	59.26	HOPS-170	0.8	NAN	NAN	Flat	49.727	1.66	21.891	0.46	0.13	0.12	144.6	HOPS170B	0.007	0.007	69.1
HOPS-170-A	5	36	41.368	-6	34	0.75	HOPS-170	0.9	NAN	NAN	Flat	72.401	1.823	27.765	0.46	0.14	0.14	167.0	HOPS170A	0.005	0.005	82.5
HOPS-197	5	34	15.897	-6	34	32.66	HOPS-197	0.2	NAN	NAN	Flat	4.295	0.566	3.358	0.25	0.06	0.06	21.8	HOPS197	0.029	0.049	82.6
HOPS-177	5	35	50.017	-6	34	53.47	HOPS-177	0.1	NAN	NAN	I	2.812	0.751	2.023	0.33	0.19	0.03	26.4	HOPS177	0.076	0.095	24.7
HOPS-163-B	5	37	17.329	-6	36	18.1	HOPS-163	0.7	NAN	NAN	I	1.702	0.252	1.486	0.26	0.0	0.0	0.0	HOPS163B	0.000	0.000	0.0
HOPS-163-A	5	37	17.277	-6	36	18.19	HOPS-163	0.0	NAN	NAN	I	78.064	3.302	2.434	0.26	0.79	0.28	60.4	HOPS163A	0.034	0.012	1.4
HOPS-164	5	37	0.425	-6	37	10.89	HOPS-164	0.6	HOPS-164	0.6	0	105.502	2.239	29.123	0.46	0.22	0.14	150.8	HOPS164	0.005	0.003	2.0
HOPS-171	5	36	17.208	-6	38	1.51	HOPS-171	0.2	HOPS-171	0.2	0	30.642	1.069	7.871	0.26	0.3	0.05	111.2	HOPS171	0.012	0.006	0.7
HOPS-169	5	36	36.16	-6	38	54.35	HOPS-169	2.5	HOPS-169	2.5	0	166.183	3.385	69.529	0.93	0.17	0.13	61.5	HOPS169	0.005	0.005	5.7
HOPS-166	5	36	25.131	-6	44	41.83	HOPS-166	0.1	NAN	NAN	Flat	239.25	4.446	75.165	1.0	0.16	0.15	92.9	HOPS166	0.005	0.005	77.3
HOPS-168-B	5	36	18.952	-6	45	23.48	HOPS-168	0.8	HOPS-168	0.8	0	42.053	3.049	20.762	0.95	0.13	0.09	127.1	HOPS168B	0.012	0.011	12.5
HOPS-168-A	5	36	18.941	-6	45	23.58	HOPS-168	0.9	HOPS-168	0.9	0	140.115	2.269	97.73	0.95	0.07	0.06	72.8	HOPS168A	0.003	0.003	11.5
HOPS-167	5	36	19.808	-6	46	0.82	HOPS-167	0.2	HOPS-168	40.3	Flat	2.068	0.405	1.813	0.21	0.05	0.02	84.1	HOPS167	0.032	0.043	170.4
HOPS-203-A	5	36	22.865	-6	46	6.63	HOPS-203	0.6	HOPS-203	0.6	0	61.725	1.102	28.566	0.34	0.18	0.07	50.2	HOPS203A	0.004	0.003	1.1
HOPS-203-B	5	36	22.862	-6	46	6.75	HOPS-203	0.7	HOPS-203	0.7	0	7.869	0.333	20.915	0.34	0.0	0.0	0.0	HOPS203B	0.000	0.000	0.0
HOPS-203-C	5	36	22.898	-6	46	9.47	HOPS-203	3.4	HOPS-203	3.4	0	74.079	0.838	48.343	0.37	0.1	0.06	175.4	HOPS203C	0.002	0.003	3.8
HOPS-165	5	36	23.539	-6	46	14.52	HOPS-165	0.0	HOPS-203	13.3	I	144.881	3.109	35.197	0.58	0.29	0.12	95.2	HOPS165	0.007	0.003	0.9
HOPS-159	5	37	53.764	-6	47	17.07	HOPS-159	0.4	HOPS-160	40.7	Flat	2.063	0.486	1.507	0.2	0.0	0.0	0.0	HOPS159	0.173	0.059	0.0
HOPS-160	5	37	51.056	-6	47	20.64	HOPS-160	0.3	HOPS-160	0.3	I	21.531	0.571	16.608	0.26	0.08	0.02	70.4	HOPS160	0.004	0.013	3.4
HOPS-355	5	37	17.123	-6	49	49.12	HOPS-355	0.7	HOPS-355	0.7	0	16.262	0.652	11.228	0.27	0.08	0.07	6.4	HOPS355	0.009	0.012	74.7
HOPS-157	5	37	56.574	-6	56	39.47	HOPS-157	0.3	NAN	NAN	I	58.868	3.323	3.133	0.24	0.53	0.46	15.8	HOPS157	0.030	0.026	17.6
HOPS-156	5	38	3.43	-6	58	15.89	HOPS-156	0.4	NAN	NAN	I	11.374	0.569	8.021	0.24	0.08	0.05	24.7	HOPS156	0.008	0.009	11.2
HOPS-149-B	5	38	40.472	-6	58	19.22	HOPS-149	2.5	NAN	NAN	Flat	72.822	3.313	32.557	1.02	0.12	0.11	39.6	HOPS149B	0.008	0.008	34.8
HOPS-149-A	5	38	40.496	-6	58	21.99	HOPS-149	0.4	NAN	NAN	Flat	289.469	6.206	56.173	0.97	0.24	0.22	49.7	HOPS149A	0.005	0.005	8.9
HOPS-158-A	5	37	24.473	-6	58	32.9	HOPS-158	0.3	NAN	NAN	Flat	4.211	0.449	4.116	0.23	0.05	0.01	37.6	HOPS158A	0.016	0.031	25.1
HOPS-158-B	5	37	24.48	-6	58	32.95	HOPS-158	0.4	NAN	NAN	Flat	4.389	0.508	3.739	0.23	0.08	0.02	71.1	HOPS158B	0.018	0.023	14.0
HOPS-154	5	38	20.113	-6	59	4.78	HOPS-154	0.3	NAN	NAN	I	2.86	0.867	1.506	0.32	0.24	0.11	12.3	HOPS154	0.091	0.076	26.7
HOPS-148	5	38	39.523	-6	59	30.23	HOPS-148	0.2	NAN	NAN	I	1.63	0.495	1.221	0.21	0.0	0.0	0.0	HOPS148	0.212	0.042	0.0
HOPS-143	5	38	46.193	-7	0	48.47	HOPS-143	0.2	NAN	NAN	I	15.634	0.477	14.038	0.25	0.05	0.02	25.8	HOPS143	0.006	0.012	13.9
HOPS-144	5	38	45.024	-7	1	1.69	HOPS-144	0.2	NAN	NAN	I	18.545	0.57	12.585	0.23	0.1	0.05	101.7	HOPS144	0.005	0.006	4.2
HOPS-377	5	38	45.536	-7	1	1.98	HOPS-377	0.2	NAN	NAN	0	19.771	0.942	8.635	0.27	0.17	0.09	145.2	HOPS377	0.010	0.009	4.8
HOPS-145-B	5	38	43.203	-7	1	7.39	HOPS-145	11.1	NAN	NAN	I	11.014	0.761	6.05	0.76	0.11	0.1	44.6	HOPS145B	0.012	0.012	38.5
HOPS-145-A	5	38	43.851	-7	1	13.1	HOPS-145	0.2	NAN	NAN	I	35.934	0.717	18.415	0.24	0.15	0.05	40.9	HOPS145A	0.004	0.004	1.0
HOPS-139	5	38	49.626	-7	1	17.63	HOPS-139	0.2	NAN	NAN	I	20.503	0.698	11.652	0.25	0.12	0.05	28.7	HOPS139	0.006	0.006	2.4
HOPS-140-C	5	38	46.282	-7	1	51.38	HOPS-140	2.1	NAN	NAN	I	3.679	0.666	2.075	0.24	0.14	0.06	2.8	HOPS140C	0.033	0.039	13.9
HOPS-140-B	5	38	46.274	-7	1	53.62	HOPS-140	0.2	NAN	NAN	I	101.527	5.912	1.54	0.23	1.54	0.58	72.2	HOPS140B	0.090	0.034	2.0
HOPS-140-A	5	38	45.717	-7	1	58.54	HOPS-140	9.8	NAN	NAN	I	32.595	0.67	17.722	0.56	0.12	0.08	178.6	HOPS140A	0.003	0.003	3.1
HOPS-376	5	38	18.099	-7	2	25.95	HOPS-376	0.8	HOPS-376	0.8	Flat	1199.52	25.546	155.665	2.88	0.37	0.3	32.6	HOPS376	0.008	0.007	4.4
HOPS-138-A	5	38	48.317	-7	2	43.68	HOPS-138	0.3	NAN	NAN	0	4.868	0.626	2.625	0.21	0.14	0.08	78.6	HOPS138A	0.025	0.025	13.4
HOPS-138-B	5	38	48.338	-7	2	43.68	HOPS-138	0.3	NAN	NAN	0	0.965	0.193	0.919	0.21	0.0	0.0	0.0	HOPS138B	0.000	0.000	0.0
HOPS-136	5	38	46.529	-7	5	37.41	HOPS-136	0.1	NAN	NAN	I	73.802	2.461	4.732	0.26	1.2	0.11	113.8	HOPS136	0.046	0.005	0.3
HOPS-153	5	37	57.023	-7	6	56.27	HOPS-153	0.3	HOPS-153	0.3	0	148.097	2.997	29.824	0.54	0.39	0.1	32.4	HOPS153	0.009	0.003	0.5
HOPS-152	5	37	58.748	-7	7	25.73	HOPS-152	0.4	HOPS-152	0.4	0	17.168	0.524	14.233	0.26	0.05	0.04	86.0	HOPS152	0.006	0.007	18.5
HOPS-150-A	5	38	7.53	-7	8	29.01	HOPS-150	0.2	NAN	NAN	Flat	22.782	0.546	18.972	0.27	0.05	0.03	135.2	HOPS150A	0.004	0.008	8.3
HOPS-150-B	5	38	7.53	-7	8	32.23	HOPS-150	3.0	NAN	NAN	Flat	5.094	0.742	3.146	0.3	0.09	0.07	70.9	HOPS150B	0.024	0.022	43.6
HOPS-129	5	39	11.868	-7	10	34.88	HOPS-129	0.3	NAN	NAN	Flat	54.864	1.018	34.391	0.39	0.1	0.06	44.5	HOPS129	0.003	0.003	3.0
HOPS-133	5	39	5.834	-7	10	39.24	HOPS-133	0.1	HOPS-133	0.1	I	14.484	0.585	9.801	0.24	0.1	0.04	6.3	HOPS133	0.006	0.009	3.6
HOPS-131	5	39	7.579	-7	10	52.22	HOPS-131	0.2	HOPS-133	29.0	I	16.002	0.953	5.069	0.23	0.2	0.1	12.1	HOPS131	0.013	0.008	3.3
HOPS-135	5	38	45.328	-7	10	56.04	HOPS-135	0.2	NAN	NAN	I	49.451	0.98	29.21	0.36	0.11	0.06	24.8	HOPS135	0.003	0.003	2.1
HOPS-132	5	39	5.371	-7	11	5.17	HOPS-132	0.2	HOPS-133	26.7	Flat	8.34	0.438	7.737	0.23	0.04	0.02	122.9	HOPS132	0.010	0.015	33.6
HOPS-134	5	38	42.791	-7	12	43.82	HOPS-134	0.2	NAN	NAN	Flat	38.036	0.719	29.811	0.33	0.06	0.05	20.2	HOPS134	0.003	0.004	35.7
HOPS-130	5	39	2.979	-7	12	52.2	HOPS-130	0.3	NAN	NAN	I	170.738	3.632	29.644	0.5	0.46	0.15	174.4	HOPS130	0.010	0.004	0.6
HOPS-122	5	39	45.139	-7	19	13.43	HOPS-122	0.2	NAN	NAN	I	7.616	1.084	2.071	0.22	0.27	0.11	9.9	HOPS122	0.041	0.021	5.7
HOPS-127	5	39	0.972	-7	20	22.55	HOPS-127	0.5	NAN	NAN	I	8.925	0.455	7.882	0.23	0.05	0.03	36.7	HOPS127	0.011	0.019	38.3
HOPS-128-A	5	38	52.015	-7	21	5.87	HOPS-128	0.2	NAN	NAN	Flat	14.175	0.58	9.148	0.23	0.1	0.05	84.7	HOPS128A	0.006	0.007	5.4
HOPS-128-B	5	38	52.378	-7	21	9.32	HOPS-128	6.4	NAN	NAN	Flat	11.367	0.544	7.892	0.33	0.08	0.06	103.7	HOPS128B	0.007	0.008	14.1
HOPS-123	5	39	33.286	-7	22	57.45	HOPS-123	0.2	HOPS-121-123	4.3	0	88.228	2.069	21.619	0.37	0.26	0.15	28.8	HOPS123	0.006	0.004	1.7
HOPS-119	5	39	50.689	-7	23	30.58	HOPS-119	0.6	NAN	NAN	Flat	2.491	0.628	1.367	0.21	0.18	0.06	67.5	HOPS119	0.057	0.038	13.9
HOPS-408	5	39	30.904	-7	23	59.67	HOPS-408	2.3	HOPS-408	2.3	0	90.365	2.492	20.64	0.37	0.28	0.24	157.5	HOPS408	0.008	0.008	9.2
HOPS-118	5	39	54.605	-7	24	14.97	HOPS-118	0.3	NAN	NAN	Flat	3.386	0.499	2.429	0.21	0.1	0.06	73.7	HOPS118	0.029	0.044	26.2
HOPS-117	5	39	55.46	-7	24	19.48	HOPS-117	0.3	NAN	NAN	Flat	40.453	1.661	7.771	0.25	0.37	0.16	120.6	HOPS117	0.016	0.007	1.8
HOPS-395-A	5	39	17.092	-7	24	24.55	HOPS-395	2.5	HOPS-395	2.5	0	12.186	0.608	19.57	0.6	0.02	0.02	79.9	HOPS395A	0.000	0.000	0.0
HOPS-395-B	5	39	17.081	-7	24	24.57	HOPS-395	2.4	HOPS-395	2.4	0	4.977	0.608	14.851	0.6	0.02	0.02	79.9	HOPS395B	0.000	0.000	0.0
HOPS-116	5	39	57.912	-7	25	13.09	HOPS-116	0.3	NAN	NAN	Flat	22.619	0.717	12.768	0.26	0.12	0.06	139.8	HOPS116	0.005	0.005	2.8
HOPS-114	5	40	1.391	-7	25	38.76	HOPS-114	0.3	NAN	NAN	I	3.753	0.504	2.752	0.21	0.1	0.06	10.5	HOPS114	0.024	0.031	89.8
HOPS-115	5	39	56.542	-7	25	51.62	HOPS-115	0.6	NAN	NAN	Flat	4.489	0.505	3.278	0.21	0.1	0.06	136.3	HOPS115	0.021	0.026	25.4
HOPS-124	5	39	19.911	-7	26	11.23	HOPS-124	1.1	HOPS-124	1.1	0	1232.89	25.038	130.116	3.04	0.35	0.25	3.3	HOPS124	0.007	0.005	2.3
HOPS-120	5	39	34.324	-7	26	11.29	HOPS-120	0.2	NAN	NAN	Flat	3.39	0.662	1.935	0.2	0.16	0.1	93.5	HOPS120	0.040	0.037	19.6
HOPS-125	5	39	19.54	-7	26	17.13	HOPS-125	2.0	HOPS-124	8.9	Flat	13.423	1.951	10.26	0.89	0.07	0.06	133.4	HOPS125	0.026	0.036	90.0
HOPS-287	5	40	8.789	-7	27	27.91	HOPS-287	0.3	NAN	NAN	I	102.187	2.497	20.343	0.41	0.39	0.14	58.8	HOPS287	0.010	0.004	0.8
HOPS-291	5	39	57.954	-7	28	57.62	HOPS-291	0.2	HOPS-290	36.7	Flat	14.549	0.644	9.429	0.26	0.09	0.06	153.7	HOPS291	0.009	0.012	16.0
HOPS-290-B	5	39	57.329	-7	29	32.71	HOPS-290	1.4	HOPS-290	1.4	0	69.138	2.252	9.97	0.36	0.5	0.11	137.7	HOPS290B	0.018	0.006	0.7
HOPS-290-A	5	39	57.377	-7	29	33.1	HOPS-290	0.6	HOPS-290	0.6	0	27.44	1.016	16.016	0.36	0.1	0.09	8.0	HOPS290A	0.009	0.010	72.3
HOPS-288-A-A	5	39	56.001	-7	30	27.57	HOPS-288	0.9	HOPS-288	0.9	0	902.369	19.144	107.016	2.65	0.42	0.18	145.6	HOPS288AA	0.009	0.004	0.9
HOPS-288-B	5	39	56.033	-7	30	27.96	HOPS-288	1.3	HOPS-288	1.3	0	156.674	10.667	54.634	2.67	0.22	0.1	121.2	HOPS288B	0.017	0.011	3.9
HOPS-282-A	5	40	26.091	-7	37	32.08	HOPS-282	0.1	NAN	NAN	I	10.648	0.504	9.254	0.26	0.04	0.03	113.4	HOPS282A	0.014	0.026	64.9
HOPS-282-B	5	40	26.08	-7	37	32.1	HOPS-282	0.2	NAN	NAN	I	1.881	0.439	1.938	0.26	0.0	0.0	0.0	HOPS282B	0.000	0.000	0.0
HOPS-281-A	5	40	24.648	-7	43	8.15	HOPS-281	0.5	NAN	NAN	Flat	66.243	1.268	40.036	0.48	0.09	0.08	103.9	HOPS281A	0.004	0.004	43.3
HOPS-281-B	5	40	24.6	-7	43	8.37	HOPS-281	0.3	NAN	NAN	Flat	1.282	0.458	1.218	0.48	0.0	0.0	0.0	HOPS281B	0.000	0.000	0.0
HOPS-276	5	40	42.924	-7	45	1.98	HOPS-276	0.2	NAN	NAN	I	2.782	0.44	2.599	0.25	0.0	0.0	0.0	HOPS276	0.065	0.032	0.0
HOPS-279	5	40	17.806	-7	48	25.84	HOPS-279	0.3	NAN	NAN	Flat	59.311	1.13	38.409	0.45	0.1	0.05	129.5	HOPS279	0.004	0.004	3.9
HOPS-280	5	40	14.953	-7	48	48.64	HOPS-280	0.3	NAN	NAN	I	91.715	1.69	49.111	0.58	0.13	0.07	59.4	HOPS280	0.003	0.003	1.8
HOPS-275	5	40	36.328	-7	49	7.11	HOPS-275	0.3	NAN	NAN	I	2.919	0.507	2.108	0.23	0.1	0.03	177.2	HOPS275	0.025	0.048	35.3
HOPS-267	5	41	19.675	-7	50	41.03	HOPS-267	0.2	NAN	NAN	I	32.054	0.709	25.724	0.34	0.06	0.04	145.7	HOPS267	0.005	0.008	18.5
HOPS-278	5	40	20.379	-7	51	15.0	HOPS-278	0.4	NAN	NAN	I	7.338	0.844	3.539	0.25	0.14	0.1	45.9	HOPS278	0.024	0.023	56.3
HOPS-265	5	41	20.35	-7	53	10.71	HOPS-265	0.4	NAN	NAN	Flat	12.496	0.754	6.926	0.25	0.1	0.1	20.1	HOPS265	0.014	0.016	77.1
HOPS-262	5	41	23.979	-7	53	42.21	HOPS-262	0.3	NAN	NAN	Flat	14.667	0.603	10.531	0.26	0.08	0.07	66.7	HOPS262	0.008	0.008	77.9
HOPS-263	5	41	23.691	-7	53	46.76	HOPS-263	0.1	NAN	NAN	I	35.743	1.123	11.017	0.26	0.18	0.15	103.9	HOPS263	0.007	0.007	16.6
HOPS-253	5	41	28.784	-7	53	51.04	HOPS-253	0.2	NAN	NAN	Flat	86.999	2.05	27.033	0.43	0.19	0.16	116.3	HOPS253	0.006	0.005	8.6
HOPS-258	5	41	24.727	-7	54	8.51	HOPS-258	0.3	NAN	NAN	Flat	46.29	1.118	23.371	0.36	0.13	0.09	128.1	HOPS258	0.005	0.005	6.1
HOPS-270	5	40	40.56	-7	54	39.77	HOPS-270	0.4	NAN	NAN	I	1.482	0.605	1.072	0.24	0.0	0.0	0.0	HOPS270	0.230	0.036	0.0
HOPS-274-A	5	40	20.727	-7	54	59.79	HOPS-274	0.2	NAN	NAN	Flat	1.6	0.231	1.272	0.23	0.0	0.0	0.0	HOPS274A	0.000	0.000	0.0
HOPS-274-B	5	40	20.731	-7	54	59.99	HOPS-274	0.4	NAN	NAN	Flat	1.206	0.231	1.14	0.23	0.0	0.0	0.0	HOPS274B	0.000	0.000	0.0
HOPS-254	5	41	24.518	-7	55	7.41	HOPS-254	0.1	HOPS-254	0.1	I	308.891	6.279	68.261	1.1	0.28	0.16	120.3	HOPS254	0.006	0.004	1.6
HOPS-374	5	41	25.459	-7	55	18.8	HOPS-374	0.1	HOPS-254	18.1	0	2.449	0.649	1.499	0.24	0.17	0.05	89.9	HOPS374	0.064	0.038	24.8
HOPS-261-A	5	41	18.889	-7	55	28.57	HOPS-261	0.5	NAN	NAN	I	3.078	0.629	2.19	0.24	0.13	0.04	62.3	HOPS261A	0.041	0.028	19.0
HOPS-261-B	5	41	18.894	-7	55	29.34	HOPS-261	0.3	NAN	NAN	I	3.718	0.746	2.165	0.24	0.15	0.07	68.2	HOPS261B	0.041	0.035	30.8
HOPS-257	5	41	19.897	-7	55	46.77	HOPS-257	0.4	NAN	NAN	Flat	9.377	0.569	6.797	0.25	0.07	0.05	25.9	HOPS257	0.014	0.022	25.3
HOPS-273	5	40	20.905	-7	56	24.58	HOPS-273	0.4	NAN	NAN	I	139.235	1.501	38.764	0.3	0.25	0.14	143.0	HOPS273	0.003	0.002	0.9
HOPS-247	5	41	26.187	-7	56	51.91	HOPS-247	0.6	HOPS-247	0.6	0	252.449	5.121	63.797	0.97	0.23	0.16	17.9	HOPS247	0.005	0.004	2.8
HOPS-248-B	5	41	22.128	-7	58	2.95	HOPS-248	0.5	NAN	NAN	Flat	2.024	0.378	2.851	0.39	0.0	0.0	0.0	HOPS248B	0.000	0.000	0.0
HOPS-248-A	5	41	22.138	-7	58	3.08	HOPS-248	0.7	NAN	NAN	Flat	45.824	0.939	31.073	0.39	0.08	0.06	35.7	HOPS248A	0.005	0.005	13.0
HOPS-245	5	41	22.892	-7	58	56.0	HOPS-245	0.5	NAN	NAN	Flat	1.81	0.233	1.608	0.23	0.0	0.0	0.0	HOPS245	0.000	0.000	0.0
HOPS-264	5	40	59.115	-8	0	14.4	HOPS-264	0.2	NAN	NAN	Flat	1.126	0.419	1.044	0.23	0.0	0.0	0.0	HOPS264	0.000	0.000	0.0
HOPS-268	5	40	38.357	-8	0	36.03	HOPS-268	0.4	NAN	NAN	I	5.768	1.394	1.387	0.26	0.26	0.16	42.2	HOPS268	0.069	0.051	31.7
HOPS-241	5	41	26.453	-8	1	2.08	HOPS-241	0.8	NAN	NAN	I	14.257	0.571	11.335	0.27	0.07	0.04	37.9	HOPS241	0.009	0.013	19.8
HOPS-240	5	41	25.988	-8	1	15.85	HOPS-240	0.3	NAN	NAN	I	2.238	0.233	1.904	0.23	0.0	0.0	0.0	HOPS240	0.000	0.000	0.0
HOPS-234	5	41	49.961	-8	1	26.27	HOPS-234	0.3	HOPS-234	0.3	I	47.095	0.988	30.96	0.4	0.1	0.05	110.9	HOPS234	0.004	0.005	3.5
HOPS-284	5	38	51.499	-8	1	27.46	HOPS-284	0.3	NAN	NAN	Flat	24.032	0.953	10.101	0.28	0.15	0.09	176.4	HOPS284	0.007	0.007	5.6
HOPS-238	5	41	26.657	-8	3	12.61	HOPS-238	0.3	NAN	NAN	I	2.54	0.233	1.971	0.23	0.0	0.0	0.0	HOPS238	0.000	0.000	0.0
HOPS-237	5	41	28.984	-8	3	25.95	HOPS-237	0.2	NAN	NAN	I	8.072	0.527	6.756	0.25	0.06	0.03	135.4	HOPS237	0.017	0.021	37.8
HOPS-236	5	41	30.223	-8	3	41.46	HOPS-236	0.3	NAN	NAN	Flat	97.707	2.029	40.066	0.55	0.16	0.11	172.6	HOPS236	0.004	0.004	3.7
HOPS-251	5	40	54.017	-8	5	13.18	HOPS-251	0.2	NAN	NAN	Flat	38.016	1.081	16.419	0.31	0.18	0.08	56.7	HOPS251	0.006	0.004	1.8
HOPS-405	5	40	58.552	-8	5	34.52	HOPS-405	2.0	HOPS-405	2.0	0	3.445	0.26	2.234	0.26	0.03	0.01	173.3	HOPS405	0.000	0.000	0.0
HOPS-255-B	5	40	50.567	-8	5	48.57	HOPS-255	0.1	NAN	NAN	Flat	0.941	0.273	2.085	0.28	0.0	0.0	0.0	HOPS255B	0.000	0.000	0.0
HOPS-255-A	5	40	50.576	-8	5	48.7	HOPS-255	0.1	NAN	NAN	Flat	22.54	0.721	14.247	0.28	0.09	0.07	1.0	HOPS255A	0.007	0.009	88.7
HOPS-249	5	40	52.869	-8	5	48.91	HOPS-249	0.2	NAN	NAN	Flat	28.249	1.194	9.8	0.28	0.17	0.14	58.6	HOPS249	0.009	0.008	14.6
HOPS-235	5	41	25.354	-8	5	54.7	HOPS-235	0.2	NAN	NAN	Flat	79.465	1.565	41.102	0.52	0.11	0.1	3.1	HOPS235	0.005	0.005	35.1
HOPS-244	5	41	2.01	-8	6	1.91	HOPS-244	0.3	HOPS-243-244	21.7	I	83.463	1.828	26.162	0.43	0.26	0.09	92.6	HOPS244	0.006	0.003	0.9
HOPS-252	5	40	49.914	-8	6	8.43	HOPS-252	0.2	NAN	NAN	Flat	3.318	0.556	2.286	0.23	0.11	0.06	108.3	HOPS252	0.040	0.030	57.6
HOPS-256	5	40	45.274	-8	6	42.2	HOPS-256	0.3	HOPS-256	0.3	0	2.968	0.646	1.985	0.25	0.13	0.03	31.1	HOPS256	0.042	0.041	20.0
HOPS-243	5	41	1.663	-8	6	44.6	HOPS-243	0.2	HOPS-243-244	21.3	0	9.358	1.143	2.705	0.23	0.22	0.2	104.1	HOPS243	0.035	0.035	63.3
HOPS-250	5	40	48.849	-8	6	57.1	HOPS-250	0.2	HOPS-250	0.2	0	187.77	4.147	26.316	0.63	0.32	0.19	43.4	HOPS250	0.008	0.005	1.7
HOPS-232	5	41	35.471	-8	8	22.7	HOPS-232	0.5	NAN	NAN	I	24.177	0.812	14.3	0.29	0.12	0.06	132.9	HOPS232	0.006	0.008	5.4
HOPS-246	5	40	47.112	-8	9	48.04	HOPS-246	0.3	NAN	NAN	I	48.675	1.201	21.297	0.36	0.17	0.08	34.6	HOPS246	0.005	0.004	2.1
HOPS-242-A	5	40	48.53	-8	11	8.9	HOPS-242	0.2	NAN	NAN	Flat	7.417	0.566	5.74	0.26	0.08	0.04	93.2	HOPS242A	0.015	0.024	20.9
HOPS-242-B	5	40	48.549	-8	11	8.93	HOPS-242	0.5	NAN	NAN	Flat	2.8	0.254	2.488	0.26	0.0	0.0	0.0	HOPS242B	0.000	0.000	0.0
HOPS-259-A	5	40	20.904	-8	13	55.2	HOPS-259	0.4	NAN	NAN	Flat	10.525	0.509	8.686	0.25	0.06	0.04	66.7	HOPS259A	0.010	0.013	27.9
HOPS-259-B	5	40	20.933	-8	14	6.44	HOPS-259	11.3	NAN	NAN	Flat	4.556	0.247	4.396	0.81	0.0	0.0	0.0	HOPS259B	0.000	0.000	0.0
HOPS-260	5	40	19.4	-8	14	16.29	HOPS-260	0.1	NAN	NAN	Flat	85.74	2.416	10.278	0.35	0.38	0.18	90.7	HOPS260	0.011	0.005	1.4
HOPS-397	5	42	49.002	-8	16	10.68	HOPS-397	1.9	HOPS-397	1.9	0	63.322	2.263	15.798	0.32	0.55	0.14	131.6	HOPS397	0.021	0.006	0.8
HOPS-223	5	42	48.491	-8	16	34.68	HOPS-223	0.5	HOPS-397	24.6	I	239.497	4.691	75.799	1.08	0.16	0.15	44.4	HOPS223	0.005	0.005	48.1
HOPS-221	5	42	47.067	-8	17	6.91	HOPS-221	0.2	NAN	NAN	I	194.42	3.458	92.91	1.09	0.11	0.1	19.4	HOPS221	0.004	0.005	21.1
HOPS-215	5	43	9.583	-8	29	27.23	HOPS-215	0.1	NAN	NAN	I	8.95	0.689	5.24	0.25	0.11	0.07	17.7	HOPS215	0.015	0.019	14.9
HOPS-216	5	42	55.566	-8	32	48.36	HOPS-216	0.5	NAN	NAN	I	20.458	0.86	8.776	0.27	0.19	0.04	20.7	HOPS216	0.009	0.010	2.0
HOPS-228	5	41	34.183	-8	35	27.87	HOPS-228	0.3	NAN	NAN	I	76.663	1.508	41.712	0.52	0.11	0.08	107.3	HOPS228	0.004	0.004	6.2
HOPS-214	5	42	47.232	-8	36	36.88	HOPS-214	0.3	NAN	NAN	Flat	15.524	0.816	7.626	0.26	0.17	0.07	64.0	HOPS214	0.011	0.007	3.1
HOPS-211	5	42	58.34	-8	37	44.25	HOPS-211	0.8	NAN	NAN	Flat	3.503	0.539	2.455	0.23	0.1	0.06	3.8	HOPS211	0.042	0.044	54.4
HOPS-227	5	41	32.34	-8	37	55.54	HOPS-227	0.1	NAN	NAN	Flat	4.808	0.691	2.55	0.23	0.16	0.07	164.5	HOPS227	0.029	0.036	12.8
HOPS-210	5	42	58.285	-8	38	5.26	HOPS-210	0.3	NAN	NAN	Flat	95.129	2.146	20.743	0.43	0.34	0.09	12.3	HOPS210	0.008	0.004	0.7
HOPS-213-B	5	42	48.077	-8	40	8.28	HOPS-213	0.3	NAN	NAN	Flat	1.606	0.484	1.195	0.22	0.11	0.0	84.9	HOPS213B	0.056	0.064	79.0
HOPS-213-A	5	42	48.088	-8	40	8.47	HOPS-213	0.2	NAN	NAN	Flat	2.45	0.42	2.328	0.22	0.0	0.0	0.0	HOPS213A	0.095	0.066	0.0
HOPS-224	5	41	32.066	-8	40	9.77	HOPS-224	0.6	HOPS-224	0.6	0	252.608	5.381	53.175	0.87	0.29	0.18	170.4	HOPS224	0.006	0.005	2.0
HOPS-225	5	41	30.343	-8	40	17.73	HOPS-225	0.2	HOPS-224	26.2	Flat	10.813	0.558	8.496	0.26	0.07	0.03	6.0	HOPS225	0.012	0.019	18.8
HOPS-220	5	41	29.786	-8	42	46.21	HOPS-220	0.2	NAN	NAN	I	24.538	0.843	12.405	0.28	0.15	0.05	3.8	HOPS220	0.006	0.008	2.6
HOPS-219	5	41	29.289	-8	43	4.31	HOPS-219	0.6	NAN	NAN	I	71.481	1.393	37.244	0.47	0.14	0.06	87.1	HOPS219	0.004	0.003	1.4
HOPS-208	5	42	52.733	-8	44	13.11	HOPS-208	0.5	NAN	NAN	Flat	5.769	0.842	2.285	0.23	0.2	0.11	37.8	HOPS208	0.038	0.031	17.1
HOPS-206	5	43	7.293	-8	44	31.27	HOPS-206	0.5	HOPS-206	0.5	0	21.136	0.654	15.31	0.28	0.09	0.04	18.9	HOPS206	0.006	0.011	6.3
HOPS-204	5	43	10.185	-8	46	7.86	HOPS-204	0.1	NAN	NAN	I	61.691	1.101	44.69	0.48	0.07	0.06	87.0	HOPS204	0.004	0.003	8.2
